0 0 0 0
0 0 0 0
0 0 0 0
0 0 0 0
0 0 0 0
0 0 0 0
0 0 0 0
0 0 0 0
0 0 0 0
0 0 0 0
0 0 0 0
0 0 0 0
0 0 0 0
0 0 0 0
0 0 0 0
0 0 0 0
0 0 0 0
0 0 0 0
-40.8433 -35.3975 -41.4337 -36.9512
-40.8433 -35.3975 -41.4337 -36.9512
-40.8433 -35.3975 -41.4337 -36.9512
-40.8433 -35.3975 -41.4337 -36.9512
-40.8433 -35.3975 -41.4337 -36.9512
-40.8433 -35.3975 -41.4337 -36.9512
-40.8433 -35.3975 -41.4337 -36.9512
-40.8433 -35.3975 -41.4337 -36.9512
-40.8433 -35.3975 -41.4337 -36.9512
-40.8433 -35.3975 -41.4337 -36.9512
-40.8433 -35.3975 -41.4337 -36.9512
-40.8433 -35.3975 -41.4337 -36.9512
-40.8433 -35.3975 -41.4337 -36.9512
-40.8433 -35.3975 -41.4337 -36.9512
-40.8433 -35.3975 -41.4337 -36.9512
-40.8433 -35.3975 -41.4337 -36.9512
-40.8433 -35.3975 -41.4337 -36.9512
-40.8433 -35.3975 -41.4337 -36.9512
-40.8433 -35.3975 -41.4337 -36.9512
-40.8433 -35.3975 -41.4337 -36.9512
-39.6615 -35.6784 -42.5923 -36.6054
-39.6615 -35.6784 -42.5923 -36.6054
-39.6615 -35.6784 -42.5923 -36.6054
-39.6615 -35.6784 -42.5923 -36.6054
-39.6615 -35.6784 -42.5923 -36.6054
-39.6615 -35.6784 -42.5923 -36.6054
-39.6615 -35.6784 -42.5923 -36.6054
-39.6615 -35.6784 -42.5923 -36.6054
-39.6615 -35.6784 -42.5923 -36.6054
-39.6615 -35.6784 -42.5923 -36.6054
-39.6615 -35.6784 -42.5923 -36.6054
-39.6615 -35.6784 -42.5923 -36.6054
-39.6615 -35.6784 -42.5923 -36.6054
-39.6615 -35.6784 -42.5923 -36.6054
-39.6615 -35.6784 -42.5923 -36.6054
-39.6615 -35.6784 -42.5923 -36.6054
-39.6615 -35.6784 -42.5923 -36.6054
-39.6615 -35.6784 -42.5923 -36.6054
-39.6615 -35.6784 -42.5923 -36.6054
-39.6615 -35.6784 -42.5923 -36.6054
-40.8216 -35.6926 -40.7669 -36.8545
-40.8216 -35.6926 -40.7669 -36.8545
-40.8216 -35.6926 -40.7669 -36.8545
-40.8216 -35.6926 -40.7669 -36.8545
-40.8216 -35.6926 -40.7669 -36.8545
-40.8216 -35.6926 -40.7669 -36.8545
-40.8216 -35.6926 -40.7669 -36.8545
-40.8216 -35.6926 -40.7669 -36.8545
-40.8216 -35.6926 -40.7669 -36.8545
-40.8216 -35.6926 -40.7669 -36.8545
-40.8216 -35.6926 -40.7669 -36.8545
-40.8216 -35.6926 -40.7669 -36.8545
-40.8216 -35.6926 -40.7669 -36.8545
-40.8216 -35.6926 -40.7669 -36.8545
-40.8216 -35.6926 -40.7669 -36.8545
-40.8216 -35.6926 -40.7669 -36.8545
-40.8216 -35.6926 -40.7669 -36.8545
-40.8216 -35.6926 -40.7669 -36.8545
-40.8216 -35.6926 -40.7669 -36.8545
-40.8216 -35.6926 -40.7669 -36.8545
-40.6717 -35.6137 -41.0979 -37.7904
-40.6717 -35.6137 -41.0979 -37.7904
-40.6717 -35.6137 -41.0979 -37.7904
-40.6717 -35.6137 -41.0979 -37.7904
-40.6717 -35.6137 -41.0979 -37.7904
-40.6717 -35.6137 -41.0979 -37.7904
-40.6717 -35.6137 -41.0979 -37.7904
-40.6717 -35.6137 -41.0979 -37.7904
-40.6717 -35.6137 -41.0979 -37.7904
-40.6717 -35.6137 -41.0979 -37.7904
-40.6717 -35.6137 -41.0979 -37.7904
-40.6717 -35.6137 -41.0979 -37.7904
-40.6717 -35.6137 -41.0979 -37.7904
-40.6717 -35.6137 -41.0979 -37.7904
-40.6717 -35.6137 -41.0979 -37.7904
-40.6717 -35.6137 -41.0979 -37.7904
-40.6717 -35.6137 -41.0979 -37.7904
-40.6717 -35.6137 -41.0979 -37.7904
-40.6717 -35.6137 -41.0979 -37.7904
-40.6717 -35.6137 -41.0979 -37.7904
-40.2859 -35.6953 -40.6497 -36.8395
-40.2859 -35.6953 -40.6497 -36.8395
-40.2859 -35.6953 -40.6497 -36.8395
-40.2859 -35.6953 -40.6497 -36.8395
-40.2859 -35.6953 -40.6497 -36.8395
-40.2859 -35.6953 -40.6497 -36.8395
-40.2859 -35.6953 -40.6497 -36.8395
-40.2859 -35.6953 -40.6497 -36.8395
-40.2859 -35.6953 -40.6497 -36.8395
-40.2859 -35.6953 -40.6497 -36.8395
-40.2859 -35.6953 -40.6497 -36.8395
-40.2859 -35.6953 -40.6497 -36.8395
-40.2859 -35.6953 -40.6497 -36.8395
-40.2859 -35.6953 -40.6497 -36.8395
-40.2859 -35.6953 -40.6497 -36.8395
-40.2859 -35.6953 -40.6497 -36.8395
-40.2859 -35.6953 -40.6497 -36.8395
-40.2859 -35.6953 -40.6497 -36.8395
-40.2859 -35.6953 -40.6497 -36.8395
-40.2859 -35.6953 -40.6497 -36.8395
-39.4595 -35.5979 -41.0561 -37.2815
-39.4595 -35.5979 -41.0561 -37.2815
-39.4595 -35.5979 -41.0561 -37.2815
-39.4595 -35.5979 -41.0561 -37.2815
-39.4595 -35.5979 -41.0561 -37.2815
-39.4595 -35.5979 -41.0561 -37.2815
-39.4595 -35.5979 -41.0561 -37.2815
-39.4595 -35.5979 -41.0561 -37.2815
-39.4595 -35.5979 -41.0561 -37.2815
-39.4595 -35.5979 -41.0561 -37.2815
-39.4595 -35.5979 -41.0561 -37.2815
-39.4595 -35.5979 -41.0561 -37.2815
-39.4595 -35.5979 -41.0561 -37.2815
-39.4595 -35.5979 -41.0561 -37.2815
-39.4595 -35.5979 -41.0561 -37.2815
-39.4595 -35.5979 -41.0561 -37.2815
-39.4595 -35.5979 -41.0561 -37.2815
-39.4595 -35.5979 -41.0561 -37.2815
-39.4595 -35.5979 -41.0561 -37.2815
-39.4595 -35.5979 -41.0561 -37.2815
-39.7737 -35.776 -40.9583 -37.0499
-39.7737 -35.776 -40.9583 -37.0499
-39.7737 -35.776 -40.9583 -37.0499
-39.7737 -35.776 -40.9583 -37.0499
-39.7737 -35.776 -40.9583 -37.0499
-39.7737 -35.776 -40.9583 -37.0499
-39.7737 -35.776 -40.9583 -37.0499
-39.7737 -35.776 -40.9583 -37.0499
-39.7737 -35.776 -40.9583 -37.0499
-39.7737 -35.776 -40.9583 -37.0499
-39.7737 -35.776 -40.9583 -37.0499
-39.7737 -35.776 -40.9583 -37.0499
-39.7737 -35.776 -40.9583 -37.0499
-39.7737 -35.776 -40.9583 -37.0499
-39.7737 -35.776 -40.9583 -37.0499
-39.7737 -35.776 -40.9583 -37.0499
-39.7737 -35.776 -40.9583 -37.0499
-39.7737 -35.776 -40.9583 -37.0499
-39.7737 -35.776 -40.9583 -37.0499
-39.7737 -35.776 -40.9583 -37.0499
-39.8489 -35.7814 -42.0468 -36.5035
-39.8489 -35.7814 -42.0468 -36.5035
-39.8489 -35.7814 -42.0468 -36.5035
-39.8489 -35.7814 -42.0468 -36.5035
-39.8489 -35.7814 -42.0468 -36.5035
-39.8489 -35.7814 -42.0468 -36.5035
-39.8489 -35.7814 -42.0468 -36.5035
-39.8489 -35.7814 -42.0468 -36.5035
-39.8489 -35.7814 -42.0468 -36.5035
-39.8489 -35.7814 -42.0468 -36.5035
-39.8489 -35.7814 -42.0468 -36.5035
-39.8489 -35.7814 -42.0468 -36.5035
-39.8489 -35.7814 -42.0468 -36.5035
-39.8489 -35.7814 -42.0468 -36.5035
-39.8489 -35.7814 -42.0468 -36.5035
-39.8489 -35.7814 -42.0468 -36.5035
-39.8489 -35.7814 -42.0468 -36.5035
-39.8489 -35.7814 -42.0468 -36.5035
-39.8489 -35.7814 -42.0468 -36.5035
-39.8489 -35.7814 -42.0468 -36.5035
-39.8489 -35.7814 -42.0468 -36.5035
-40.3977 -35.5816 -40.6682 -36.7901
-40.3977 -35.5816 -40.6682 -36.7901
-40.3977 -35.5816 -40.6682 -36.7901
-40.3977 -35.5816 -40.6682 -36.7901
-40.3977 -35.5816 -40.6682 -36.7901
-40.3977 -35.5816 -40.6682 -36.7901
-40.3977 -35.5816 -40.6682 -36.7901
-40.3977 -35.5816 -40.6682 -36.7901
-40.3977 -35.5816 -40.6682 -36.7901
-40.3977 -35.5816 -40.6682 -36.7901
-40.3977 -35.5816 -40.6682 -36.7901
-40.3977 -35.5816 -40.6682 -36.7901
-40.3977 -35.5816 -40.6682 -36.7901
-40.3977 -35.5816 -40.6682 -36.7901
-40.3977 -35.5816 -40.6682 -36.7901
-40.3977 -35.5816 -40.6682 -36.7901
-40.3977 -35.5816 -40.6682 -36.7901
-40.3977 -35.5816 -40.6682 -36.7901
-40.3977 -35.5816 -40.6682 -36.7901
-40.5048 -36.1668 -40.088 -36.3674
-40.5048 -36.1668 -40.088 -36.3674
-40.5048 -36.1668 -40.088 -36.3674
-40.5048 -36.1668 -40.088 -36.3674
-40.5048 -36.1668 -40.088 -36.3674
-40.5048 -36.1668 -40.088 -36.3674
-40.5048 -36.1668 -40.088 -36.3674
-40.5048 -36.1668 -40.088 -36.3674
-40.5048 -36.1668 -40.088 -36.3674
-40.5048 -36.1668 -40.088 -36.3674
-40.5048 -36.1668 -40.088 -36.3674
-40.5048 -36.1668 -40.088 -36.3674
-40.5048 -36.1668 -40.088 -36.3674
-40.5048 -36.1668 -40.088 -36.3674
-40.5048 -36.1668 -40.088 -36.3674
-40.5048 -36.1668 -40.088 -36.3674
-40.5048 -36.1668 -40.088 -36.3674
-40.5048 -36.1668 -40.088 -36.3674
-40.5048 -36.1668 -40.088 -36.3674
-40.5048 -36.1668 -40.088 -36.3674
-40.2347 -35.4814 -41.3622 -37.1511
-40.2347 -35.4814 -41.3622 -37.1511
-40.2347 -35.4814 -41.3622 -37.1511
-40.2347 -35.4814 -41.3622 -37.1511
-40.2347 -35.4814 -41.3622 -37.1511
-40.2347 -35.4814 -41.3622 -37.1511
-40.2347 -35.4814 -41.3622 -37.1511
-40.2347 -35.4814 -41.3622 -37.1511
-40.2347 -35.4814 -41.3622 -37.1511
-40.2347 -35.4814 -41.3622 -37.1511
-40.2347 -35.4814 -41.3622 -37.1511
-40.2347 -35.4814 -41.3622 -37.1511
-40.2347 -35.4814 -41.3622 -37.1511
-40.2347 -35.4814 -41.3622 -37.1511
-40.2347 -35.4814 -41.3622 -37.1511
-40.2347 -35.4814 -41.3622 -37.1511
-40.2347 -35.4814 -41.3622 -37.1511
-40.2347 -35.4814 -41.3622 -37.1511
-40.2347 -35.4814 -41.3622 -37.1511
-40.2347 -35.4814 -41.3622 -37.1511
-40.4683 -35.6171 -40.994 -37.1182
-40.4683 -35.6171 -40.994 -37.1182
-40.4683 -35.6171 -40.994 -37.1182
-40.4683 -35.6171 -40.994 -37.1182
-40.4683 -35.6171 -40.994 -37.1182
-40.4683 -35.6171 -40.994 -37.1182
-40.4683 -35.6171 -40.994 -37.1182
-40.4683 -35.6171 -40.994 -37.1182
-40.4683 -35.6171 -40.994 -37.1182
-40.4683 -35.6171 -40.994 -37.1182
-40.4683 -35.6171 -40.994 -37.1182
-40.4683 -35.6171 -40.994 -37.1182
-40.4683 -35.6171 -40.994 -37.1182
-40.4683 -35.6171 -40.994 -37.1182
-40.4683 -35.6171 -40.994 -37.1182
-40.4683 -35.6171 -40.994 -37.1182
-40.4683 -35.6171 -40.994 -37.1182
-40.4683 -35.6171 -40.994 -37.1182
-40.4683 -35.6171 -40.994 -37.1182
-40.4683 -35.6171 -40.994 -37.1182
-41.61 -36.0721 -41.1615 -36.7473
-41.61 -36.0721 -41.1615 -36.7473
-41.61 -36.0721 -41.1615 -36.7473
-41.61 -36.0721 -41.1615 -36.7473
-41.61 -36.0721 -41.1615 -36.7473
-41.61 -36.0721 -41.1615 -36.7473
-41.61 -36.0721 -41.1615 -36.7473
-41.61 -36.0721 -41.1615 -36.7473
-41.61 -36.0721 -41.1615 -36.7473
-41.61 -36.0721 -41.1615 -36.7473
-41.61 -36.0721 -41.1615 -36.7473
-41.61 -36.0721 -41.1615 -36.7473
-41.61 -36.0721 -41.1615 -36.7473
-41.61 -36.0721 -41.1615 -36.7473
-41.61 -36.0721 -41.1615 -36.7473
-41.61 -36.0721 -41.1615 -36.7473
-41.61 -36.0721 -41.1615 -36.7473
-41.61 -36.0721 -41.1615 -36.7473
-41.61 -36.0721 -41.1615 -36.7473
-41.61 -36.0721 -41.1615 -36.7473
-40.2317 -35.7252 -40.8197 -36.7819
-40.2317 -35.7252 -40.8197 -36.7819
-40.2317 -35.7252 -40.8197 -36.7819
-40.2317 -35.7252 -40.8197 -36.7819
-40.2317 -35.7252 -40.8197 -36.7819
-40.2317 -35.7252 -40.8197 -36.7819
-40.2317 -35.7252 -40.8197 -36.7819
-40.2317 -35.7252 -40.8197 -36.7819
-40.2317 -35.7252 -40.8197 -36.7819
-40.2317 -35.7252 -40.8197 -36.7819
-40.2317 -35.7252 -40.8197 -36.7819
-40.2317 -35.7252 -40.8197 -36.7819
-40.2317 -35.7252 -40.8197 -36.7819
-40.2317 -35.7252 -40.8197 -36.7819
-40.2317 -35.7252 -40.8197 -36.7819
-40.2317 -35.7252 -40.8197 -36.7819
-40.2317 -35.7252 -40.8197 -36.7819
-40.2317 -35.7252 -40.8197 -36.7819
-40.2317 -35.7252 -40.8197 -36.7819
-40.2317 -35.7252 -40.8197 -36.7819
-40.0633 -35.5982 -41.384 -36.6054
-40.0633 -35.5982 -41.384 -36.6054
-40.0633 -35.5982 -41.384 -36.6054
-40.0633 -35.5982 -41.384 -36.6054
-40.0633 -35.5982 -41.384 -36.6054
-40.0633 -35.5982 -41.384 -36.6054
-40.0633 -35.5982 -41.384 -36.6054
-40.0633 -35.5982 -41.384 -36.6054
-40.0633 -35.5982 -41.384 -36.6054
-40.0633 -35.5982 -41.384 -36.6054
-40.0633 -35.5982 -41.384 -36.6054
-40.0633 -35.5982 -41.384 -36.6054
-40.0633 -35.5982 -41.384 -36.6054
-40.0633 -35.5982 -41.384 -36.6054
-40.0633 -35.5982 -41.384 -36.6054
-40.0633 -35.5982 -41.384 -36.6054
-40.0633 -35.5982 -41.384 -36.6054
-40.0633 -35.5982 -41.384 -36.6054
-40.0633 -35.5982 -41.384 -36.6054
-40.0633 -35.5982 -41.384 -36.6054
-40.3796 -35.7687 -40.0782 -36.5474
-40.3796 -35.7687 -40.0782 -36.5474
-40.3796 -35.7687 -40.0782 -36.5474
-40.3796 -35.7687 -40.0782 -36.5474
-40.3796 -35.7687 -40.0782 -36.5474
-40.3796 -35.7687 -40.0782 -36.5474
-40.3796 -35.7687 -40.0782 -36.5474
-40.3796 -35.7687 -40.0782 -36.5474
-40.3796 -35.7687 -40.0782 -36.5474
-40.3796 -35.7687 -40.0782 -36.5474
-40.3796 -35.7687 -40.0782 -36.5474
-40.3796 -35.7687 -40.0782 -36.5474
-40.3796 -35.7687 -40.0782 -36.5474
-40.3796 -35.7687 -40.0782 -36.5474
-40.3796 -35.7687 -40.0782 -36.5474
-40.3796 -35.7687 -40.0782 -36.5474
-40.3796 -35.7687 -40.0782 -36.5474
-40.3796 -35.7687 -40.0782 -36.5474
-40.3796 -35.7687 -40.0782 -36.5474
-40.3796 -35.7687 -40.0782 -36.5474
-40.3019 -35.8917 -41.2258 -36.4458
-40.3019 -35.8917 -41.2258 -36.4458
-40.3019 -35.8917 -41.2258 -36.4458
-40.3019 -35.8917 -41.2258 -36.4458
-40.3019 -35.8917 -41.2258 -36.4458
-40.3019 -35.8917 -41.2258 -36.4458
-40.3019 -35.8917 -41.2258 -36.4458
-40.3019 -35.8917 -41.2258 -36.4458
-40.3019 -35.8917 -41.2258 -36.4458
-40.3019 -35.8917 -41.2258 -36.4458
-40.3019 -35.8917 -41.2258 -36.4458
-40.3019 -35.8917 -41.2258 -36.4458
-40.3019 -35.8917 -41.2258 -36.4458
-40.3019 -35.8917 -41.2258 -36.4458
-40.3019 -35.8917 -41.2258 -36.4458
-40.3019 -35.8917 -41.2258 -36.4458
-40.3019 -35.8917 -41.2258 -36.4458
-40.3019 -35.8917 -41.2258 -36.4458
-40.3019 -35.8917 -41.2258 -36.4458
-40.3019 -35.8917 -41.2258 -36.4458
-39.8566 -35.5141 -41.4353 -36.7684
-39.8566 -35.5141 -41.4353 -36.7684
-39.8566 -35.5141 -41.4353 -36.7684
-39.8566 -35.5141 -41.4353 -36.7684
-39.8566 -35.5141 -41.4353 -36.7684
-39.8566 -35.5141 -41.4353 -36.7684
-39.8566 -35.5141 -41.4353 -36.7684
-39.8566 -35.5141 -41.4353 -36.7684
-39.8566 -35.5141 -41.4353 -36.7684
-39.8566 -35.5141 -41.4353 -36.7684
-39.8566 -35.5141 -41.4353 -36.7684
-39.8566 -35.5141 -41.4353 -36.7684
-39.8566 -35.5141 -41.4353 -36.7684
-39.8566 -35.5141 -41.4353 -36.7684
-39.8566 -35.5141 -41.4353 -36.7684
-39.8566 -35.5141 -41.4353 -36.7684
-39.8566 -35.5141 -41.4353 -36.7684
-39.8566 -35.5141 -41.4353 -36.7684
-39.8566 -35.5141 -41.4353 -36.7684
-39.8566 -35.5141 -41.4353 -36.7684
-41.0221 -35.6762 -40.8306 -37.2558
-41.0221 -35.6762 -40.8306 -37.2558
-41.0221 -35.6762 -40.8306 -37.2558
-41.0221 -35.6762 -40.8306 -37.2558
-41.0221 -35.6762 -40.8306 -37.2558
-41.0221 -35.6762 -40.8306 -37.2558
-41.0221 -35.6762 -40.8306 -37.2558
-41.0221 -35.6762 -40.8306 -37.2558
-41.0221 -35.6762 -40.8306 -37.2558
-41.0221 -35.6762 -40.8306 -37.2558
-41.0221 -35.6762 -40.8306 -37.2558
-41.0221 -35.6762 -40.8306 -37.2558
-41.0221 -35.6762 -40.8306 -37.2558
-41.0221 -35.6762 -40.8306 -37.2558
-41.0221 -35.6762 -40.8306 -37.2558
-41.0221 -35.6762 -40.8306 -37.2558
-41.0221 -35.6762 -40.8306 -37.2558
-41.0221 -35.6762 -40.8306 -37.2558
-41.0221 -35.6762 -40.8306 -37.2558
-41.0221 -35.6762 -40.8306 -37.2558
-39.8814 -35.6001 -40.7932 -36.6284
-39.8814 -35.6001 -40.7932 -36.6284
-39.8814 -35.6001 -40.7932 -36.6284
-39.8814 -35.6001 -40.7932 -36.6284
-39.8814 -35.6001 -40.7932 -36.6284
-39.8814 -35.6001 -40.7932 -36.6284
-39.8814 -35.6001 -40.7932 -36.6284
-39.8814 -35.6001 -40.7932 -36.6284
-39.8814 -35.6001 -40.7932 -36.6284
-39.8814 -35.6001 -40.7932 -36.6284
-39.8814 -35.6001 -40.7932 -36.6284
-39.8814 -35.6001 -40.7932 -36.6284
-39.8814 -35.6001 -40.7932 -36.6284
-39.8814 -35.6001 -40.7932 -36.6284
-39.8814 -35.6001 -40.7932 -36.6284
-39.8814 -35.6001 -40.7932 -36.6284
-39.8814 -35.6001 -40.7932 -36.6284
-39.8814 -35.6001 -40.7932 -36.6284
-39.8814 -35.6001 -40.7932 -36.6284
-39.8814 -35.6001 -40.7932 -36.6284
-40.0242 -35.778 -40.5812 -36.9991
-40.0242 -35.778 -40.5812 -36.9991
-40.0242 -35.778 -40.5812 -36.9991
-40.0242 -35.778 -40.5812 -36.9991
-40.0242 -35.778 -40.5812 -36.9991
-40.0242 -35.778 -40.5812 -36.9991
-40.0242 -35.778 -40.5812 -36.9991
-40.0242 -35.778 -40.5812 -36.9991
-40.0242 -35.778 -40.5812 -36.9991
-40.0242 -35.778 -40.5812 -36.9991
-40.0242 -35.778 -40.5812 -36.9991
-40.0242 -35.778 -40.5812 -36.9991
-40.0242 -35.778 -40.5812 -36.9991
-40.0242 -35.778 -40.5812 -36.9991
-40.0242 -35.778 -40.5812 -36.9991
-40.0242 -35.778 -40.5812 -36.9991
-40.0242 -35.778 -40.5812 -36.9991
-40.0242 -35.778 -40.5812 -36.9991
-40.0242 -35.778 -40.5812 -36.9991
-40.0242 -35.778 -40.5812 -36.9991
-40.1952 -36.0448 -41.384 -36.591
-40.1952 -36.0448 -41.384 -36.591
-40.1952 -36.0448 -41.384 -36.591
-40.1952 -36.0448 -41.384 -36.591
-40.1952 -36.0448 -41.384 -36.591
-40.1952 -36.0448 -41.384 -36.591
-40.1952 -36.0448 -41.384 -36.591
-40.1952 -36.0448 -41.384 -36.591
-40.1952 -36.0448 -41.384 -36.591
-40.1952 -36.0448 -41.384 -36.591
-40.1952 -36.0448 -41.384 -36.591
-40.1952 -36.0448 -41.384 -36.591
-40.1952 -36.0448 -41.384 -36.591
-40.1952 -36.0448 -41.384 -36.591
-40.1952 -36.0448 -41.384 -36.591
-40.1952 -36.0448 -41.384 -36.591
-40.1952 -36.0448 -41.384 -36.591
-40.1952 -36.0448 -41.384 -36.591
-40.1952 -36.0448 -41.384 -36.591
-40.1952 -36.0448 -41.384 -36.591
-40.0464 -35.9022 -40.3841 -37.1454
-40.0464 -35.9022 -40.3841 -37.1454
-40.0464 -35.9022 -40.3841 -37.1454
-40.0464 -35.9022 -40.3841 -37.1454
-40.0464 -35.9022 -40.3841 -37.1454
-40.0464 -35.9022 -40.3841 -37.1454
-40.0464 -35.9022 -40.3841 -37.1454
-40.0464 -35.9022 -40.3841 -37.1454
-40.0464 -35.9022 -40.3841 -37.1454
-40.0464 -35.9022 -40.3841 -37.1454
-40.0464 -35.9022 -40.3841 -37.1454
-40.0464 -35.9022 -40.3841 -37.1454
-40.0464 -35.9022 -40.3841 -37.1454
-40.0464 -35.9022 -40.3841 -37.1454
-40.0464 -35.9022 -40.3841 -37.1454
-40.0464 -35.9022 -40.3841 -37.1454
-40.0464 -35.9022 -40.3841 -37.1454
-40.0464 -35.9022 -40.3841 -37.1454
-40.0464 -35.9022 -40.3841 -37.1454
-40.0464 -35.9022 -40.3841 -37.1454
-40.4372 -35.2402 -42.2658 -37.3175
-40.4372 -35.2402 -42.2658 -37.3175
-40.4372 -35.2402 -42.2658 -37.3175
-40.4372 -35.2402 -42.2658 -37.3175
-40.4372 -35.2402 -42.2658 -37.3175
-40.4372 -35.2402 -42.2658 -37.3175
-40.4372 -35.2402 -42.2658 -37.3175
-40.4372 -35.2402 -42.2658 -37.3175
-40.4372 -35.2402 -42.2658 -37.3175
-40.4372 -35.2402 -42.2658 -37.3175
-40.4372 -35.2402 -42.2658 -37.3175
-40.4372 -35.2402 -42.2658 -37.3175
-40.4372 -35.2402 -42.2658 -37.3175
-40.4372 -35.2402 -42.2658 -37.3175
-40.4372 -35.2402 -42.2658 -37.3175
-40.4372 -35.2402 -42.2658 -37.3175
-40.4372 -35.2402 -42.2658 -37.3175
-40.4372 -35.2402 -42.2658 -37.3175
-40.4372 -35.2402 -42.2658 -37.3175
-40.4372 -35.2402 -42.2658 -37.3175
-39.4019 -35.5254 -42.3295 -36.896
-39.4019 -35.5254 -42.3295 -36.896
-39.4019 -35.5254 -42.3295 -36.896
-39.4019 -35.5254 -42.3295 -36.896
-39.4019 -35.5254 -42.3295 -36.896
-39.4019 -35.5254 -42.3295 -36.896
-39.4019 -35.5254 -42.3295 -36.896
-39.4019 -35.5254 -42.3295 -36.896
-39.4019 -35.5254 -42.3295 -36.896
-39.4019 -35.5254 -42.3295 -36.896
-39.4019 -35.5254 -42.3295 -36.896
-39.4019 -35.5254 -42.3295 -36.896
-39.4019 -35.5254 -42.3295 -36.896
-39.4019 -35.5254 -42.3295 -36.896
-39.4019 -35.5254 -42.3295 -36.896
-39.4019 -35.5254 -42.3295 -36.896
-39.4019 -35.5254 -42.3295 -36.896
-39.4019 -35.5254 -42.3295 -36.896
-39.4019 -35.5254 -42.3295 -36.896
-39.4019 -35.5254 -42.3295 -36.896
-40.1977 -35.6115 -40.9598 -36.6701
-40.1977 -35.6115 -40.9598 -36.6701
-40.1977 -35.6115 -40.9598 -36.6701
-40.1977 -35.6115 -40.9598 -36.6701
-40.1977 -35.6115 -40.9598 -36.6701
-40.1977 -35.6115 -40.9598 -36.6701
-40.1977 -35.6115 -40.9598 -36.6701
-40.1977 -35.6115 -40.9598 -36.6701
-40.1977 -35.6115 -40.9598 -36.6701
-40.1977 -35.6115 -40.9598 -36.6701
-40.1977 -35.6115 -40.9598 -36.6701
-40.1977 -35.6115 -40.9598 -36.6701
-40.1977 -35.6115 -40.9598 -36.6701
-40.1977 -35.6115 -40.9598 -36.6701
-40.1977 -35.6115 -40.9598 -36.6701
-40.1977 -35.6115 -40.9598 -36.6701
-40.1977 -35.6115 -40.9598 -36.6701
-40.1977 -35.6115 -40.9598 -36.6701
-40.1977 -35.6115 -40.9598 -36.6701
-40.1977 -35.6115 -40.9598 -36.6701
-40.0839 -35.5979 -39.6887 -36.8689
-40.0839 -35.5979 -39.6887 -36.8689
-40.0839 -35.5979 -39.6887 -36.8689
-40.0839 -35.5979 -39.6887 -36.8689
-40.0839 -35.5979 -39.6887 -36.8689
-40.0839 -35.5979 -39.6887 -36.8689
-40.0839 -35.5979 -39.6887 -36.8689
-40.0839 -35.5979 -39.6887 -36.8689
-40.0839 -35.5979 -39.6887 -36.8689
-40.0839 -35.5979 -39.6887 -36.8689
-40.0839 -35.5979 -39.6887 -36.8689
-40.0839 -35.5979 -39.6887 -36.8689
-40.0839 -35.5979 -39.6887 -36.8689
-40.0839 -35.5979 -39.6887 -36.8689
-40.0839 -35.5979 -39.6887 -36.8689
-40.0839 -35.5979 -39.6887 -36.8689
-40.0839 -35.5979 -39.6887 -36.8689
-40.0839 -35.5979 -39.6887 -36.8689
-40.0839 -35.5979 -39.6887 -36.8689
-40.0839 -35.5979 -39.6887 -36.8689
-41.0797 -35.7252 -41.0664 -36.7132
-41.0797 -35.7252 -41.0664 -36.7132
-41.0797 -35.7252 -41.0664 -36.7132
-41.0797 -35.7252 -41.0664 -36.7132
-41.0797 -35.7252 -41.0664 -36.7132
-41.0797 -35.7252 -41.0664 -36.7132
-41.0797 -35.7252 -41.0664 -36.7132
-41.0797 -35.7252 -41.0664 -36.7132
-41.0797 -35.7252 -41.0664 -36.7132
-41.0797 -35.7252 -41.0664 -36.7132
-41.0797 -35.7252 -41.0664 -36.7132
-41.0797 -35.7252 -41.0664 -36.7132
-41.0797 -35.7252 -41.0664 -36.7132
-41.0797 -35.7252 -41.0664 -36.7132
-41.0797 -35.7252 -41.0664 -36.7132
-41.0797 -35.7252 -41.0664 -36.7132
-41.0797 -35.7252 -41.0664 -36.7132
-41.0797 -35.7252 -41.0664 -36.7132
-41.0797 -35.7252 -41.0664 -36.7132
-41.0797 -35.7252 -41.0664 -36.7132
-40.6928 -36.0689 -40.9581 -36.5923
-40.6928 -36.0689 -40.9581 -36.5923
-40.6928 -36.0689 -40.9581 -36.5923
-40.6928 -36.0689 -40.9581 -36.5923
-40.6928 -36.0689 -40.9581 -36.5923
-40.6928 -36.0689 -40.9581 -36.5923
-40.6928 -36.0689 -40.9581 -36.5923
-40.6928 -36.0689 -40.9581 -36.5923
-40.6928 -36.0689 -40.9581 -36.5923
-40.6928 -36.0689 -40.9581 -36.5923
-40.6928 -36.0689 -40.9581 -36.5923
-40.6928 -36.0689 -40.9581 -36.5923
-40.6928 -36.0689 -40.9581 -36.5923
-40.6928 -36.0689 -40.9581 -36.5923
-40.6928 -36.0689 -40.9581 -36.5923
-40.6928 -36.0689 -40.9581 -36.5923
-40.6928 -36.0689 -40.9581 -36.5923
-40.6928 -36.0689 -40.9581 -36.5923
-40.6928 -36.0689 -40.9581 -36.5923
-40.6928 -36.0689 -40.9581 -36.5923
-39.1994 -35.3953 -41.2678 -36.2997
-39.1994 -35.3953 -41.2678 -36.2997
-39.1994 -35.3953 -41.2678 -36.2997
-39.1994 -35.3953 -41.2678 -36.2997
-39.1994 -35.3953 -41.2678 -36.2997
-39.1994 -35.3953 -41.2678 -36.2997
-39.1994 -35.3953 -41.2678 -36.2997
-39.1994 -35.3953 -41.2678 -36.2997
-39.1994 -35.3953 -41.2678 -36.2997
-39.1994 -35.3953 -41.2678 -36.2997
-39.1994 -35.3953 -41.2678 -36.2997
-39.1994 -35.3953 -41.2678 -36.2997
-39.1994 -35.3953 -41.2678 -36.2997
-39.1994 -35.3953 -41.2678 -36.2997
-39.1994 -35.3953 -41.2678 -36.2997
-39.1994 -35.3953 -41.2678 -36.2997
-39.1994 -35.3953 -41.2678 -36.2997
-39.1994 -35.3953 -41.2678 -36.2997
-39.1994 -35.3953 -41.2678 -36.2997
-39.1994 -35.3953 -41.2678 -36.2997
-39.7573 -35.6001 -39.4077 -36.6897
-39.7573 -35.6001 -39.4077 -36.6897
-39.7573 -35.6001 -39.4077 -36.6897
-39.7573 -35.6001 -39.4077 -36.6897
-39.7573 -35.6001 -39.4077 -36.6897
-39.7573 -35.6001 -39.4077 -36.6897
-39.7573 -35.6001 -39.4077 -36.6897
-39.7573 -35.6001 -39.4077 -36.6897
-39.7573 -35.6001 -39.4077 -36.6897
-39.7573 -35.6001 -39.4077 -36.6897
-39.7573 -35.6001 -39.4077 -36.6897
-39.7573 -35.6001 -39.4077 -36.6897
-39.7573 -35.6001 -39.4077 -36.6897
-39.7573 -35.6001 -39.4077 -36.6897
-39.7573 -35.6001 -39.4077 -36.6897
-39.7573 -35.6001 -39.4077 -36.6897
-39.7573 -35.6001 -39.4077 -36.6897
-39.7573 -35.6001 -39.4077 -36.6897
-39.7573 -35.6001 -39.4077 -36.6897
-39.7573 -35.6001 -39.4077 -36.6897
-39.8283 -35.7792 -40.6704 -36.8088
-39.8283 -35.7792 -40.6704 -36.8088
-39.8283 -35.7792 -40.6704 -36.8088
-39.8283 -35.7792 -40.6704 -36.8088
-39.8283 -35.7792 -40.6704 -36.8088
-39.8283 -35.7792 -40.6704 -36.8088
-39.8283 -35.7792 -40.6704 -36.8088
-39.8283 -35.7792 -40.6704 -36.8088
-39.8283 -35.7792 -40.6704 -36.8088
-39.8283 -35.7792 -40.6704 -36.8088
-39.8283 -35.7792 -40.6704 -36.8088
-39.8283 -35.7792 -40.6704 -36.8088
-39.8283 -35.7792 -40.6704 -36.8088
-39.8283 -35.7792 -40.6704 -36.8088
-39.8283 -35.7792 -40.6704 -36.8088
-39.8283 -35.7792 -40.6704 -36.8088
-39.8283 -35.7792 -40.6704 -36.8088
-39.8283 -35.7792 -40.6704 -36.8088
-39.8283 -35.7792 -40.6704 -36.8088
-39.8283 -35.7792 -40.6704 -36.8088
-39.7532 -35.3921 -41.9509 -37.1448
-39.7532 -35.3921 -41.9509 -37.1448
-39.7532 -35.3921 -41.9509 -37.1448
-39.7532 -35.3921 -41.9509 -37.1448
-39.7532 -35.3921 -41.9509 -37.1448
-39.7532 -35.3921 -41.9509 -37.1448
-39.7532 -35.3921 -41.9509 -37.1448
-39.7532 -35.3921 -41.9509 -37.1448
-39.7532 -35.3921 -41.9509 -37.1448
-39.7532 -35.3921 -41.9509 -37.1448
-39.7532 -35.3921 -41.9509 -37.1448
-39.7532 -35.3921 -41.9509 -37.1448
-39.7532 -35.3921 -41.9509 -37.1448
-39.7532 -35.3921 -41.9509 -37.1448
-39.7532 -35.3921 -41.9509 -37.1448
-39.7532 -35.3921 -41.9509 -37.1448
-39.7532 -35.3921 -41.9509 -37.1448
-39.7532 -35.3921 -41.9509 -37.1448
-39.7532 -35.3921 -41.9509 -37.1448
-39.7532 -35.3921 -41.9509 -37.1448
-39.9184 -35.8432 -40.9316 -36.8418
-39.9184 -35.8432 -40.9316 -36.8418
-39.9184 -35.8432 -40.9316 -36.8418
-39.9184 -35.8432 -40.9316 -36.8418
-39.9184 -35.8432 -40.9316 -36.8418
-39.9184 -35.8432 -40.9316 -36.8418
-39.9184 -35.8432 -40.9316 -36.8418
-39.9184 -35.8432 -40.9316 -36.8418
-39.9184 -35.8432 -40.9316 -36.8418
-39.9184 -35.8432 -40.9316 -36.8418
-39.9184 -35.8432 -40.9316 -36.8418
-39.9184 -35.8432 -40.9316 -36.8418
-39.9184 -35.8432 -40.9316 -36.8418
-39.9184 -35.8432 -40.9316 -36.8418
-39.9184 -35.8432 -40.9316 -36.8418
-39.9184 -35.8432 -40.9316 -36.8418
-39.9184 -35.8432 -40.9316 -36.8418
-39.9184 -35.8432 -40.9316 -36.8418
-39.9184 -35.8432 -40.9316 -36.8418
-39.9184 -35.8432 -40.9316 -36.8418
-39.9881 -35.9321 -40.9338 -36.5887
-39.9881 -35.9321 -40.9338 -36.5887
-39.9881 -35.9321 -40.9338 -36.5887
-39.9881 -35.9321 -40.9338 -36.5887
-39.9881 -35.9321 -40.9338 -36.5887
-39.9881 -35.9321 -40.9338 -36.5887
-39.9881 -35.9321 -40.9338 -36.5887
-39.9881 -35.9321 -40.9338 -36.5887
-39.9881 -35.9321 -40.9338 -36.5887
-39.9881 -35.9321 -40.9338 -36.5887
-39.9881 -35.9321 -40.9338 -36.5887
-39.9881 -35.9321 -40.9338 -36.5887
-39.9881 -35.9321 -40.9338 -36.5887
-39.9881 -35.9321 -40.9338 -36.5887
-39.9881 -35.9321 -40.9338 -36.5887
-39.9881 -35.9321 -40.9338 -36.5887
-39.9881 -35.9321 -40.9338 -36.5887
-39.9881 -35.9321 -40.9338 -36.5887
-39.9881 -35.9321 -40.9338 -36.5887
-39.9881 -35.9321 -40.9338 -36.5887
-39.9691 -36.1122 -40.8714 -36.8777
-39.9691 -36.1122 -40.8714 -36.8777
-39.9691 -36.1122 -40.8714 -36.8777
-39.9691 -36.1122 -40.8714 -36.8777
-39.9691 -36.1122 -40.8714 -36.8777
-39.9691 -36.1122 -40.8714 -36.8777
-39.9691 -36.1122 -40.8714 -36.8777
-39.9691 -36.1122 -40.8714 -36.8777
-39.9691 -36.1122 -40.8714 -36.8777
-39.9691 -36.1122 -40.8714 -36.8777
-39.9691 -36.1122 -40.8714 -36.8777
-39.9691 -36.1122 -40.8714 -36.8777
-39.9691 -36.1122 -40.8714 -36.8777
-39.9691 -36.1122 -40.8714 -36.8777
-39.9691 -36.1122 -40.8714 -36.8777
-39.9691 -36.1122 -40.8714 -36.8777
-39.9691 -36.1122 -40.8714 -36.8777
-39.9691 -36.1122 -40.8714 -36.8777
-39.9691 -36.1122 -40.8714 -36.8777
-39.9691 -36.1122 -40.8714 -36.8777
-39.8489 -35.4979 -42.0494 -36.5773
-39.8489 -35.4979 -42.0494 -36.5773
-39.8489 -35.4979 -42.0494 -36.5773
-39.8489 -35.4979 -42.0494 -36.5773
-39.8489 -35.4979 -42.0494 -36.5773
-39.8489 -35.4979 -42.0494 -36.5773
-39.8489 -35.4979 -42.0494 -36.5773
-39.8489 -35.4979 -42.0494 -36.5773
-39.8489 -35.4979 -42.0494 -36.5773
-39.8489 -35.4979 -42.0494 -36.5773
-39.8489 -35.4979 -42.0494 -36.5773
-39.8489 -35.4979 -42.0494 -36.5773
-39.8489 -35.4979 -42.0494 -36.5773
-39.8489 -35.4979 -42.0494 -36.5773
-39.8489 -35.4979 -42.0494 -36.5773
-39.8489 -35.4979 -42.0494 -36.5773
-39.8489 -35.4979 -42.0494 -36.5773
-39.8489 -35.4979 -42.0494 -36.5773
-39.8489 -35.4979 -42.0494 -36.5773
-39.8489 -35.4979 -42.0494 -36.5773
-39.3658 -35.7107 -42.6675 -36.8368
-39.3658 -35.7107 -42.6675 -36.8368
-39.3658 -35.7107 -42.6675 -36.8368
-39.3658 -35.7107 -42.6675 -36.8368
-39.3658 -35.7107 -42.6675 -36.8368
-39.3658 -35.7107 -42.6675 -36.8368
-39.3658 -35.7107 -42.6675 -36.8368
-39.3658 -35.7107 -42.6675 -36.8368
-39.3658 -35.7107 -42.6675 -36.8368
-39.3658 -35.7107 -42.6675 -36.8368
-39.3658 -35.7107 -42.6675 -36.8368
-39.3658 -35.7107 -42.6675 -36.8368
-39.3658 -35.7107 -42.6675 -36.8368
-39.3658 -35.7107 -42.6675 -36.8368
-39.3658 -35.7107 -42.6675 -36.8368
-39.3658 -35.7107 -42.6675 -36.8368
-39.3658 -35.7107 -42.6675 -36.8368
-39.3658 -35.7107 -42.6675 -36.8368
-39.3658 -35.7107 -42.6675 -36.8368
-39.3658 -35.7107 -42.6675 -36.8368
-40.2338 -35.3104 -41.1769 -37.102
-40.2338 -35.3104 -41.1769 -37.102
-40.2338 -35.3104 -41.1769 -37.102
-40.2338 -35.3104 -41.1769 -37.102
-40.2338 -35.3104 -41.1769 -37.102
-40.2338 -35.3104 -41.1769 -37.102
-40.2338 -35.3104 -41.1769 -37.102
-40.2338 -35.3104 -41.1769 -37.102
-40.2338 -35.3104 -41.1769 -37.102
-40.2338 -35.3104 -41.1769 -37.102
-40.2338 -35.3104 -41.1769 -37.102
-40.2338 -35.3104 -41.1769 -37.102
-40.2338 -35.3104 -41.1769 -37.102
-40.2338 -35.3104 -41.1769 -37.102
-40.2338 -35.3104 -41.1769 -37.102
-40.2338 -35.3104 -41.1769 -37.102
-40.2338 -35.3104 -41.1769 -37.102
-40.2338 -35.3104 -41.1769 -37.102
-40.2338 -35.3104 -41.1769 -37.102
-40.2338 -35.3104 -41.1769 -37.102
-39.9902 -35.6211 -42.4557 -37.5206
-39.9902 -35.6211 -42.4557 -37.5206
-39.9902 -35.6211 -42.4557 -37.5206
-39.9902 -35.6211 -42.4557 -37.5206
-39.9902 -35.6211 -42.4557 -37.5206
-39.9902 -35.6211 -42.4557 -37.5206
-39.9902 -35.6211 -42.4557 -37.5206
-39.9902 -35.6211 -42.4557 -37.5206
-39.9902 -35.6211 -42.4557 -37.5206
-39.9902 -35.6211 -42.4557 -37.5206
-39.9902 -35.6211 -42.4557 -37.5206
-39.9902 -35.6211 -42.4557 -37.5206
-39.9902 -35.6211 -42.4557 -37.5206
-39.9902 -35.6211 -42.4557 -37.5206
-39.9902 -35.6211 -42.4557 -37.5206
-39.9902 -35.6211 -42.4557 -37.5206
-39.9902 -35.6211 -42.4557 -37.5206
-39.9902 -35.6211 -42.4557 -37.5206
-39.9902 -35.6211 -42.4557 -37.5206
-39.9902 -35.6211 -42.4557 -37.5206
-39.0344 -35.9474 -40.6972 -36.8949
-39.0344 -35.9474 -40.6972 -36.8949
-39.0344 -35.9474 -40.6972 -36.8949
-39.0344 -35.9474 -40.6972 -36.8949
-39.0344 -35.9474 -40.6972 -36.8949
-39.0344 -35.9474 -40.6972 -36.8949
-39.0344 -35.9474 -40.6972 -36.8949
-39.0344 -35.9474 -40.6972 -36.8949
-39.0344 -35.9474 -40.6972 -36.8949
-39.0344 -35.9474 -40.6972 -36.8949
-39.0344 -35.9474 -40.6972 -36.8949
-39.0344 -35.9474 -40.6972 -36.8949
-39.0344 -35.9474 -40.6972 -36.8949
-39.0344 -35.9474 -40.6972 -36.8949
-39.0344 -35.9474 -40.6972 -36.8949
-39.0344 -35.9474 -40.6972 -36.8949
-39.0344 -35.9474 -40.6972 -36.8949
-39.0344 -35.9474 -40.6972 -36.8949
-39.0344 -35.9474 -40.6972 -36.8949
-39.0344 -35.9474 -40.6972 -36.8949
-40.304 -35.2963 -41.384 -37.2982
-40.304 -35.2963 -41.384 -37.2982
-40.304 -35.2963 -41.384 -37.2982
-40.304 -35.2963 -41.384 -37.2982
-40.304 -35.2963 -41.384 -37.2982
-40.304 -35.2963 -41.384 -37.2982
-40.304 -35.2963 -41.384 -37.2982
-40.304 -35.2963 -41.384 -37.2982
-40.304 -35.2963 -41.384 -37.2982
-40.304 -35.2963 -41.384 -37.2982
-40.304 -35.2963 -41.384 -37.2982
-40.304 -35.2963 -41.384 -37.2982
-40.304 -35.2963 -41.384 -37.2982
-40.304 -35.2963 -41.384 -37.2982
-40.304 -35.2963 -41.384 -37.2982
-40.304 -35.2963 -41.384 -37.2982
-40.304 -35.2963 -41.384 -37.2982
-40.304 -35.2963 -41.384 -37.2982
-40.304 -35.2963 -41.384 -37.2982
-40.304 -35.2963 -41.384 -37.2982
-39.9195 -35.6953 -41.6475 -37.0968
-39.9195 -35.6953 -41.6475 -37.0968
-39.9195 -35.6953 -41.6475 -37.0968
-39.9195 -35.6953 -41.6475 -37.0968
-39.9195 -35.6953 -41.6475 -37.0968
-39.9195 -35.6953 -41.6475 -37.0968
-39.9195 -35.6953 -41.6475 -37.0968
-39.9195 -35.6953 -41.6475 -37.0968
-39.9195 -35.6953 -41.6475 -37.0968
-39.9195 -35.6953 -41.6475 -37.0968
-39.9195 -35.6953 -41.6475 -37.0968
-39.9195 -35.6953 -41.6475 -37.0968
-39.9195 -35.6953 -41.6475 -37.0968
-39.9195 -35.6953 -41.6475 -37.0968
-39.9195 -35.6953 -41.6475 -37.0968
-39.9195 -35.6953 -41.6475 -37.0968
-39.9195 -35.6953 -41.6475 -37.0968
-39.9195 -35.6953 -41.6475 -37.0968
-39.9195 -35.6953 -41.6475 -37.0968
-39.9195 -35.6953 -41.6475 -37.0968
-40.4549 -35.9502 -41.7013 -37.2467
-40.4549 -35.9502 -41.7013 -37.2467
-40.4549 -35.9502 -41.7013 -37.2467
-40.4549 -35.9502 -41.7013 -37.2467
-40.4549 -35.9502 -41.7013 -37.2467
-40.4549 -35.9502 -41.7013 -37.2467
-40.4549 -35.9502 -41.7013 -37.2467
-40.4549 -35.9502 -41.7013 -37.2467
-40.4549 -35.9502 -41.7013 -37.2467
-40.4549 -35.9502 -41.7013 -37.2467
-40.4549 -35.9502 -41.7013 -37.2467
-40.4549 -35.9502 -41.7013 -37.2467
-40.4549 -35.9502 -41.7013 -37.2467
-40.4549 -35.9502 -41.7013 -37.2467
-40.4549 -35.9502 -41.7013 -37.2467
-40.4549 -35.9502 -41.7013 -37.2467
-40.4549 -35.9502 -41.7013 -37.2467
-40.4549 -35.9502 -41.7013 -37.2467
-40.4549 -35.9502 -41.7013 -37.2467
-40.4549 -35.9502 -41.7013 -37.2467
-40.1776 -35.9486 -40.2892 -36.0228
-40.1776 -35.9486 -40.2892 -36.0228
-40.1776 -35.9486 -40.2892 -36.0228
-40.1776 -35.9486 -40.2892 -36.0228
-40.1776 -35.9486 -40.2892 -36.0228
-40.1776 -35.9486 -40.2892 -36.0228
-40.1776 -35.9486 -40.2892 -36.0228
-40.1776 -35.9486 -40.2892 -36.0228
-40.1776 -35.9486 -40.2892 -36.0228
-40.1776 -35.9486 -40.2892 -36.0228
-40.1776 -35.9486 -40.2892 -36.0228
-40.1776 -35.9486 -40.2892 -36.0228
-40.1776 -35.9486 -40.2892 -36.0228
-40.1776 -35.9486 -40.2892 -36.0228
-40.1776 -35.9486 -40.2892 -36.0228
-40.1776 -35.9486 -40.2892 -36.0228
-40.1776 -35.9486 -40.2892 -36.0228
-40.1776 -35.9486 -40.2892 -36.0228
-40.1776 -35.9486 -40.2892 -36.0228
-40.1776 -35.9486 -40.2892 -36.0228
-40.7129 -35.2588 -41.953 -36.6521
-40.7129 -35.2588 -41.953 -36.6521
-40.7129 -35.2588 -41.953 -36.6521
-40.7129 -35.2588 -41.953 -36.6521
-40.7129 -35.2588 -41.953 -36.6521
-40.7129 -35.2588 -41.953 -36.6521
-40.7129 -35.2588 -41.953 -36.6521
-40.7129 -35.2588 -41.953 -36.6521
-40.7129 -35.2588 -41.953 -36.6521
-40.7129 -35.2588 -41.953 -36.6521
-40.7129 -35.2588 -41.953 -36.6521
-40.7129 -35.2588 -41.953 -36.6521
-40.7129 -35.2588 -41.953 -36.6521
-40.7129 -35.2588 -41.953 -36.6521
-40.7129 -35.2588 -41.953 -36.6521
-40.7129 -35.2588 -41.953 -36.6521
-40.7129 -35.2588 -41.953 -36.6521
-40.7129 -35.2588 -41.953 -36.6521
-40.7129 -35.2588 -41.953 -36.6521
-40.7129 -35.2588 -41.953 -36.6521
-39.9575 -36.1292 -40.8408 -36.6915
-39.9575 -36.1292 -40.8408 -36.6915
-39.9575 -36.1292 -40.8408 -36.6915
-39.9575 -36.1292 -40.8408 -36.6915
-39.9575 -36.1292 -40.8408 -36.6915
-39.9575 -36.1292 -40.8408 -36.6915
-39.9575 -36.1292 -40.8408 -36.6915
-39.9575 -36.1292 -40.8408 -36.6915
-39.9575 -36.1292 -40.8408 -36.6915
-39.9575 -36.1292 -40.8408 -36.6915
-39.9575 -36.1292 -40.8408 -36.6915
-39.9575 -36.1292 -40.8408 -36.6915
-39.9575 -36.1292 -40.8408 -36.6915
-39.9575 -36.1292 -40.8408 -36.6915
-39.9575 -36.1292 -40.8408 -36.6915
-39.9575 -36.1292 -40.8408 -36.6915
-39.9575 -36.1292 -40.8408 -36.6915
-39.9575 -36.1292 -40.8408 -36.6915
-39.9575 -36.1292 -40.8408 -36.6915
-39.9575 -36.1292 -40.8408 -36.6915
-40.1766 -35.5838 -40.8824 -37.1939
-40.1766 -35.5838 -40.8824 -37.1939
-40.1766 -35.5838 -40.8824 -37.1939
-40.1766 -35.5838 -40.8824 -37.1939
-40.1766 -35.5838 -40.8824 -37.1939
-40.1766 -35.5838 -40.8824 -37.1939
-40.1766 -35.5838 -40.8824 -37.1939
-40.1766 -35.5838 -40.8824 -37.1939
-40.1766 -35.5838 -40.8824 -37.1939
-40.1766 -35.5838 -40.8824 -37.1939
-40.1766 -35.5838 -40.8824 -37.1939
-40.1766 -35.5838 -40.8824 -37.1939
-40.1766 -35.5838 -40.8824 -37.1939
-40.1766 -35.5838 -40.8824 -37.1939
-40.1766 -35.5838 -40.8824 -37.1939
-40.1766 -35.5838 -40.8824 -37.1939
-40.1766 -35.5838 -40.8824 -37.1939
-40.1766 -35.5838 -40.8824 -37.1939
-40.1766 -35.5838 -40.8824 -37.1939
-40.1766 -35.5838 -40.8824 -37.1939
-40.1565 -35.6818 -40.3825 -36.8554
-40.1565 -35.6818 -40.3825 -36.8554
-40.1565 -35.6818 -40.3825 -36.8554
-40.1565 -35.6818 -40.3825 -36.8554
-40.1565 -35.6818 -40.3825 -36.8554
-40.1565 -35.6818 -40.3825 -36.8554
-40.1565 -35.6818 -40.3825 -36.8554
-40.1565 -35.6818 -40.3825 -36.8554
-40.1565 -35.6818 -40.3825 -36.8554
-40.1565 -35.6818 -40.3825 -36.8554
-40.1565 -35.6818 -40.3825 -36.8554
-40.1565 -35.6818 -40.3825 -36.8554
-40.1565 -35.6818 -40.3825 -36.8554
-40.1565 -35.6818 -40.3825 -36.8554
-40.1565 -35.6818 -40.3825 -36.8554
-40.1565 -35.6818 -40.3825 -36.8554
-40.1565 -35.6818 -40.3825 -36.8554
-40.1565 -35.6818 -40.3825 -36.8554
-40.1565 -35.6818 -40.3825 -36.8554
-40.1565 -35.6818 -40.3825 -36.8554
-39.9019 -36.3333 -40.9316 -36.786
-39.9019 -36.3333 -40.9316 -36.786
-39.9019 -36.3333 -40.9316 -36.786
-39.9019 -36.3333 -40.9316 -36.786
-39.9019 -36.3333 -40.9316 -36.786
-39.9019 -36.3333 -40.9316 -36.786
-39.9019 -36.3333 -40.9316 -36.786
-39.9019 -36.3333 -40.9316 -36.786
-39.9019 -36.3333 -40.9316 -36.786
-39.9019 -36.3333 -40.9316 -36.786
-39.9019 -36.3333 -40.9316 -36.786
-39.9019 -36.3333 -40.9316 -36.786
-39.9019 -36.3333 -40.9316 -36.786
-39.9019 -36.3333 -40.9316 -36.786
-39.9019 -36.3333 -40.9316 -36.786
-39.9019 -36.3333 -40.9316 -36.786
-39.9019 -36.3333 -40.9316 -36.786
-39.9019 -36.3333 -40.9316 -36.786
-39.9019 -36.3333 -40.9316 -36.786
-39.9019 -36.3333 -40.9316 -36.786
-40.1935 -35.4868 -40.9075 -36.5319
-40.1935 -35.4868 -40.9075 -36.5319
-40.1935 -35.4868 -40.9075 -36.5319
-40.1935 -35.4868 -40.9075 -36.5319
-40.1935 -35.4868 -40.9075 -36.5319
-40.1935 -35.4868 -40.9075 -36.5319
-40.1935 -35.4868 -40.9075 -36.5319
-40.1935 -35.4868 -40.9075 -36.5319
-40.1935 -35.4868 -40.9075 -36.5319
-40.1935 -35.4868 -40.9075 -36.5319
-40.1935 -35.4868 -40.9075 -36.5319
-40.1935 -35.4868 -40.9075 -36.5319
-40.1935 -35.4868 -40.9075 -36.5319
-40.1935 -35.4868 -40.9075 -36.5319
-40.1935 -35.4868 -40.9075 -36.5319
-40.1935 -35.4868 -40.9075 -36.5319
-40.1935 -35.4868 -40.9075 -36.5319
-40.1935 -35.4868 -40.9075 -36.5319
-40.1935 -35.4868 -40.9075 -36.5319
-40.1935 -35.4868 -40.9075 -36.5319
-39.5728 -36.0391 -40.38 -36.9225
-39.5728 -36.0391 -40.38 -36.9225
-39.5728 -36.0391 -40.38 -36.9225
-39.5728 -36.0391 -40.38 -36.9225
-39.5728 -36.0391 -40.38 -36.9225
-39.5728 -36.0391 -40.38 -36.9225
-39.5728 -36.0391 -40.38 -36.9225
-39.5728 -36.0391 -40.38 -36.9225
-39.5728 -36.0391 -40.38 -36.9225
-39.5728 -36.0391 -40.38 -36.9225
-39.5728 -36.0391 -40.38 -36.9225
-39.5728 -36.0391 -40.38 -36.9225
-39.5728 -36.0391 -40.38 -36.9225
-39.5728 -36.0391 -40.38 -36.9225
-39.5728 -36.0391 -40.38 -36.9225
-39.5728 -36.0391 -40.38 -36.9225
-39.5728 -36.0391 -40.38 -36.9225
-39.5728 -36.0391 -40.38 -36.9225
-39.5728 -36.0391 -40.38 -36.9225
-39.5728 -36.0391 -40.38 -36.9225
-39.92 -35.6562 -40.2647 -37.0487
-39.92 -35.6562 -40.2647 -37.0487
-39.92 -35.6562 -40.2647 -37.0487
-39.92 -35.6562 -40.2647 -37.0487
-39.92 -35.6562 -40.2647 -37.0487
-39.92 -35.6562 -40.2647 -37.0487
-39.92 -35.6562 -40.2647 -37.0487
-39.92 -35.6562 -40.2647 -37.0487
-39.92 -35.6562 -40.2647 -37.0487
-39.92 -35.6562 -40.2647 -37.0487
-39.92 -35.6562 -40.2647 -37.0487
-39.92 -35.6562 -40.2647 -37.0487
-39.92 -35.6562 -40.2647 -37.0487
-39.92 -35.6562 -40.2647 -37.0487
-39.92 -35.6562 -40.2647 -37.0487
-39.92 -35.6562 -40.2647 -37.0487
-39.92 -35.6562 -40.2647 -37.0487
-39.92 -35.6562 -40.2647 -37.0487
-39.92 -35.6562 -40.2647 -37.0487
-39.92 -35.6562 -40.2647 -37.0487
-40.5935 -36.0257 -41.5718 -36.6321
-40.5935 -36.0257 -41.5718 -36.6321
-40.5935 -36.0257 -41.5718 -36.6321
-40.5935 -36.0257 -41.5718 -36.6321
-40.5935 -36.0257 -41.5718 -36.6321
-40.5935 -36.0257 -41.5718 -36.6321
-40.5935 -36.0257 -41.5718 -36.6321
-40.5935 -36.0257 -41.5718 -36.6321
-40.5935 -36.0257 -41.5718 -36.6321
-40.5935 -36.0257 -41.5718 -36.6321
-40.5935 -36.0257 -41.5718 -36.6321
-40.5935 -36.0257 -41.5718 -36.6321
-40.5935 -36.0257 -41.5718 -36.6321
-40.5935 -36.0257 -41.5718 -36.6321
-40.5935 -36.0257 -41.5718 -36.6321
-40.5935 -36.0257 -41.5718 -36.6321
-40.5935 -36.0257 -41.5718 -36.6321
-40.5935 -36.0257 -41.5718 -36.6321
-40.5935 -36.0257 -41.5718 -36.6321
-40.5935 -36.0257 -41.5718 -36.6321
-39.9902 -35.9213 -39.937 -36.7165
-39.9902 -35.9213 -39.937 -36.7165
-39.9902 -35.9213 -39.937 -36.7165
-39.9902 -35.9213 -39.937 -36.7165
-39.9902 -35.9213 -39.937 -36.7165
-39.9902 -35.9213 -39.937 -36.7165
-39.9902 -35.9213 -39.937 -36.7165
-39.9902 -35.9213 -39.937 -36.7165
-39.9902 -35.9213 -39.937 -36.7165
-39.9902 -35.9213 -39.937 -36.7165
-39.9902 -35.9213 -39.937 -36.7165
-39.9902 -35.9213 -39.937 -36.7165
-39.9902 -35.9213 -39.937 -36.7165
-39.9902 -35.9213 -39.937 -36.7165
-39.9902 -35.9213 -39.937 -36.7165
-39.9902 -35.9213 -39.937 -36.7165
-39.9902 -35.9213 -39.937 -36.7165
-39.9902 -35.9213 -39.937 -36.7165
-39.9902 -35.9213 -39.937 -36.7165
-39.9902 -35.9213 -39.937 -36.7165
-40.0333 -35.9271 -41.4581 -36.9489
-40.0333 -35.9271 -41.4581 -36.9489
-40.0333 -35.9271 -41.4581 -36.9489
-40.0333 -35.9271 -41.4581 -36.9489
-40.0333 -35.9271 -41.4581 -36.9489
-40.0333 -35.9271 -41.4581 -36.9489
-40.0333 -35.9271 -41.4581 -36.9489
-40.0333 -35.9271 -41.4581 -36.9489
-40.0333 -35.9271 -41.4581 -36.9489
-40.0333 -35.9271 -41.4581 -36.9489
-40.0333 -35.9271 -41.4581 -36.9489
-40.0333 -35.9271 -41.4581 -36.9489
-40.0333 -35.9271 -41.4581 -36.9489
-40.0333 -35.9271 -41.4581 -36.9489
-40.0333 -35.9271 -41.4581 -36.9489
-40.0333 -35.9271 -41.4581 -36.9489
-40.0333 -35.9271 -41.4581 -36.9489
-40.0333 -35.9271 -41.4581 -36.9489
-40.0333 -35.9271 -41.4581 -36.9489
-40.0333 -35.9271 -41.4581 -36.9489
-41.4105 -35.8192 -41.0987 -36.8972
-41.4105 -35.8192 -41.0987 -36.8972
-41.4105 -35.8192 -41.0987 -36.8972
-41.4105 -35.8192 -41.0987 -36.8972
-41.4105 -35.8192 -41.0987 -36.8972
-41.4105 -35.8192 -41.0987 -36.8972
-41.4105 -35.8192 -41.0987 -36.8972
-41.4105 -35.8192 -41.0987 -36.8972
-41.4105 -35.8192 -41.0987 -36.8972
-41.4105 -35.8192 -41.0987 -36.8972
-41.4105 -35.8192 -41.0987 -36.8972
-41.4105 -35.8192 -41.0987 -36.8972
-41.4105 -35.8192 -41.0987 -36.8972
-41.4105 -35.8192 -41.0987 -36.8972
-41.4105 -35.8192 -41.0987 -36.8972
-41.4105 -35.8192 -41.0987 -36.8972
-41.4105 -35.8192 -41.0987 -36.8972
-41.4105 -35.8192 -41.0987 -36.8972
-41.4105 -35.8192 -41.0987 -36.8972
-41.4105 -35.8192 -41.0987 -36.8972
-40.304 -36.0993 -41.6609 -37.0916
-40.304 -36.0993 -41.6609 -37.0916
-40.304 -36.0993 -41.6609 -37.0916
-40.304 -36.0993 -41.6609 -37.0916
-40.304 -36.0993 -41.6609 -37.0916
-40.304 -36.0993 -41.6609 -37.0916
-40.304 -36.0993 -41.6609 -37.0916
-40.304 -36.0993 -41.6609 -37.0916
-40.304 -36.0993 -41.6609 -37.0916
-40.304 -36.0993 -41.6609 -37.0916
-40.304 -36.0993 -41.6609 -37.0916
-40.304 -36.0993 -41.6609 -37.0916
-40.304 -36.0993 -41.6609 -37.0916
-40.304 -36.0993 -41.6609 -37.0916
-40.304 -36.0993 -41.6609 -37.0916
-40.304 -36.0993 -41.6609 -37.0916
-40.304 -36.0993 -41.6609 -37.0916
-40.304 -36.0993 -41.6609 -37.0916
-40.304 -36.0993 -41.6609 -37.0916
-40.304 -36.0993 -41.6609 -37.0916
-40.838 -35.652 -41.0071 -36.7654
-40.838 -35.652 -41.0071 -36.7654
-40.838 -35.652 -41.0071 -36.7654
-40.838 -35.652 -41.0071 -36.7654
-40.838 -35.652 -41.0071 -36.7654
-40.838 -35.652 -41.0071 -36.7654
-40.838 -35.652 -41.0071 -36.7654
-40.838 -35.652 -41.0071 -36.7654
-40.838 -35.652 -41.0071 -36.7654
-40.838 -35.652 -41.0071 -36.7654
-40.838 -35.652 -41.0071 -36.7654
-40.838 -35.652 -41.0071 -36.7654
-40.838 -35.652 -41.0071 -36.7654
-40.838 -35.652 -41.0071 -36.7654
-40.838 -35.652 -41.0071 -36.7654
-40.838 -35.652 -41.0071 -36.7654
-40.838 -35.652 -41.0071 -36.7654
-40.838 -35.652 -41.0071 -36.7654
-40.838 -35.652 -41.0071 -36.7654
-40.838 -35.652 -41.0071 -36.7654
-40.0658 -36.1914 -41.3068 -36.8005
-40.0658 -36.1914 -41.3068 -36.8005
-40.0658 -36.1914 -41.3068 -36.8005
-40.0658 -36.1914 -41.3068 -36.8005
-40.0658 -36.1914 -41.3068 -36.8005
-40.0658 -36.1914 -41.3068 -36.8005
-40.0658 -36.1914 -41.3068 -36.8005
-40.0658 -36.1914 -41.3068 -36.8005
-40.0658 -36.1914 -41.3068 -36.8005
-40.0658 -36.1914 -41.3068 -36.8005
-40.0658 -36.1914 -41.3068 -36.8005
-40.0658 -36.1914 -41.3068 -36.8005
-40.0658 -36.1914 -41.3068 -36.8005
-40.0658 -36.1914 -41.3068 -36.8005
-40.0658 -36.1914 -41.3068 -36.8005
-40.0658 -36.1914 -41.3068 -36.8005
-40.0658 -36.1914 -41.3068 -36.8005
-40.0658 -36.1914 -41.3068 -36.8005
-40.0658 -36.1914 -41.3068 -36.8005
-40.0658 -36.1914 -41.3068 -36.8005
-39.2775 -35.8432 -40.992 -36.9249
-39.2775 -35.8432 -40.992 -36.9249
-39.2775 -35.8432 -40.992 -36.9249
-39.2775 -35.8432 -40.992 -36.9249
-39.2775 -35.8432 -40.992 -36.9249
-39.2775 -35.8432 -40.992 -36.9249
-39.2775 -35.8432 -40.992 -36.9249
-39.2775 -35.8432 -40.992 -36.9249
-39.2775 -35.8432 -40.992 -36.9249
-39.2775 -35.8432 -40.992 -36.9249
-39.2775 -35.8432 -40.992 -36.9249
-39.2775 -35.8432 -40.992 -36.9249
-39.2775 -35.8432 -40.992 -36.9249
-39.2775 -35.8432 -40.992 -36.9249
-39.2775 -35.8432 -40.992 -36.9249
-39.2775 -35.8432 -40.992 -36.9249
-39.2775 -35.8432 -40.992 -36.9249
-39.2775 -35.8432 -40.992 -36.9249
-39.2775 -35.8432 -40.992 -36.9249
-39.2775 -35.8432 -40.992 -36.9249
-40.0473 -35.4921 -40.7681 -36.7108
-40.0473 -35.4921 -40.7681 -36.7108
-40.0473 -35.4921 -40.7681 -36.7108
-40.0473 -35.4921 -40.7681 -36.7108
-40.0473 -35.4921 -40.7681 -36.7108
-40.0473 -35.4921 -40.7681 -36.7108
-40.0473 -35.4921 -40.7681 -36.7108
-40.0473 -35.4921 -40.7681 -36.7108
-40.0473 -35.4921 -40.7681 -36.7108
-40.0473 -35.4921 -40.7681 -36.7108
-40.0473 -35.4921 -40.7681 -36.7108
-40.0473 -35.4921 -40.7681 -36.7108
-40.0473 -35.4921 -40.7681 -36.7108
-40.0473 -35.4921 -40.7681 -36.7108
-40.0473 -35.4921 -40.7681 -36.7108
-40.0473 -35.4921 -40.7681 -36.7108
-40.0473 -35.4921 -40.7681 -36.7108
-40.0473 -35.4921 -40.7681 -36.7108
-40.0473 -35.4921 -40.7681 -36.7108
-40.0473 -35.4921 -40.7681 -36.7108
-40.6898 -35.6407 -40.5795 -36.7592
-40.6898 -35.6407 -40.5795 -36.7592
-40.6898 -35.6407 -40.5795 -36.7592
-40.6898 -35.6407 -40.5795 -36.7592
-40.6898 -35.6407 -40.5795 -36.7592
-40.6898 -35.6407 -40.5795 -36.7592
-40.6898 -35.6407 -40.5795 -36.7592
-40.6898 -35.6407 -40.5795 -36.7592
-40.6898 -35.6407 -40.5795 -36.7592
-40.6898 -35.6407 -40.5795 -36.7592
-40.6898 -35.6407 -40.5795 -36.7592
-40.6898 -35.6407 -40.5795 -36.7592
-40.6898 -35.6407 -40.5795 -36.7592
-40.6898 -35.6407 -40.5795 -36.7592
-40.6898 -35.6407 -40.5795 -36.7592
-40.6898 -35.6407 -40.5795 -36.7592
-40.6898 -35.6407 -40.5795 -36.7592
-40.6898 -35.6407 -40.5795 -36.7592
-40.6898 -35.6407 -40.5795 -36.7592
-40.6898 -35.6407 -40.5795 -36.7592
-40.4162 -35.7589 -41.8513 -36.715
-40.4162 -35.7589 -41.8513 -36.715
-40.4162 -35.7589 -41.8513 -36.715
-40.4162 -35.7589 -41.8513 -36.715
-40.4162 -35.7589 -41.8513 -36.715
-40.4162 -35.7589 -41.8513 -36.715
-40.4162 -35.7589 -41.8513 -36.715
-40.4162 -35.7589 -41.8513 -36.715
-40.4162 -35.7589 -41.8513 -36.715
-40.4162 -35.7589 -41.8513 -36.715
-40.4162 -35.7589 -41.8513 -36.715
-40.4162 -35.7589 -41.8513 -36.715
-40.4162 -35.7589 -41.8513 -36.715
-40.4162 -35.7589 -41.8513 -36.715
-40.4162 -35.7589 -41.8513 -36.715
-40.4162 -35.7589 -41.8513 -36.715
-40.4162 -35.7589 -41.8513 -36.715
-40.4162 -35.7589 -41.8513 -36.715
-40.4162 -35.7589 -41.8513 -36.715
-40.4162 -35.7589 -41.8513 -36.715
-40.3796 -35.9622 -40.6232 -36.8094
-40.3796 -35.9622 -40.6232 -36.8094
-40.3796 -35.9622 -40.6232 -36.8094
-40.3796 -35.9622 -40.6232 -36.8094
-40.3796 -35.9622 -40.6232 -36.8094
-40.3796 -35.9622 -40.6232 -36.8094
-40.3796 -35.9622 -40.6232 -36.8094
-40.3796 -35.9622 -40.6232 -36.8094
-40.3796 -35.9622 -40.6232 -36.8094
-40.3796 -35.9622 -40.6232 -36.8094
-40.3796 -35.9622 -40.6232 -36.8094
-40.3796 -35.9622 -40.6232 -36.8094
-40.3796 -35.9622 -40.6232 -36.8094
-40.3796 -35.9622 -40.6232 -36.8094
-40.3796 -35.9622 -40.6232 -36.8094
-40.3796 -35.9622 -40.6232 -36.8094
-40.3796 -35.9622 -40.6232 -36.8094
-40.3796 -35.9622 -40.6232 -36.8094
-40.3796 -35.9622 -40.6232 -36.8094
-40.3796 -35.9622 -40.6232 -36.8094
-40.0086 -35.8685 -40.3945 -36.672
-40.0086 -35.8685 -40.3945 -36.672
-40.0086 -35.8685 -40.3945 -36.672
-40.0086 -35.8685 -40.3945 -36.672
-40.0086 -35.8685 -40.3945 -36.672
-40.0086 -35.8685 -40.3945 -36.672
-40.0086 -35.8685 -40.3945 -36.672
-40.0086 -35.8685 -40.3945 -36.672
-40.0086 -35.8685 -40.3945 -36.672
-40.0086 -35.8685 -40.3945 -36.672
-40.0086 -35.8685 -40.3945 -36.672
-40.0086 -35.8685 -40.3945 -36.672
-40.0086 -35.8685 -40.3945 -36.672
-40.0086 -35.8685 -40.3945 -36.672
-40.0086 -35.8685 -40.3945 -36.672
-40.0086 -35.8685 -40.3945 -36.672
-40.0086 -35.8685 -40.3945 -36.672
-40.0086 -35.8685 -40.3945 -36.672
-40.0086 -35.8685 -40.3945 -36.672
-40.0086 -35.8685 -40.3945 -36.672
-39.904 -35.6103 -40.9204 -36.4764
-39.904 -35.6103 -40.9204 -36.4764
-39.904 -35.6103 -40.9204 -36.4764
-39.904 -35.6103 -40.9204 -36.4764
-39.904 -35.6103 -40.9204 -36.4764
-39.904 -35.6103 -40.9204 -36.4764
-39.904 -35.6103 -40.9204 -36.4764
-39.904 -35.6103 -40.9204 -36.4764
-39.904 -35.6103 -40.9204 -36.4764
-39.904 -35.6103 -40.9204 -36.4764
-39.904 -35.6103 -40.9204 -36.4764
-39.904 -35.6103 -40.9204 -36.4764
-39.904 -35.6103 -40.9204 -36.4764
-39.904 -35.6103 -40.9204 -36.4764
-39.904 -35.6103 -40.9204 -36.4764
-39.904 -35.6103 -40.9204 -36.4764
-39.904 -35.6103 -40.9204 -36.4764
-39.904 -35.6103 -40.9204 -36.4764
-39.904 -35.6103 -40.9204 -36.4764
-39.904 -35.6103 -40.9204 -36.4764
-40.1739 -35.4859 -41.3081 -36.8972
-40.1739 -35.4859 -41.3081 -36.8972
-40.1739 -35.4859 -41.3081 -36.8972
-40.1739 -35.4859 -41.3081 -36.8972
-40.1739 -35.4859 -41.3081 -36.8972
-40.1739 -35.4859 -41.3081 -36.8972
-40.1739 -35.4859 -41.3081 -36.8972
-40.1739 -35.4859 -41.3081 -36.8972
-40.1739 -35.4859 -41.3081 -36.8972
-40.1739 -35.4859 -41.3081 -36.8972
-40.1739 -35.4859 -41.3081 -36.8972
-40.1739 -35.4859 -41.3081 -36.8972
-40.1739 -35.4859 -41.3081 -36.8972
-40.1739 -35.4859 -41.3081 -36.8972
-40.1739 -35.4859 -41.3081 -36.8972
-40.1739 -35.4859 -41.3081 -36.8972
-40.1739 -35.4859 -41.3081 -36.8972
-40.1739 -35.4859 -41.3081 -36.8972
-40.1739 -35.4859 -41.3081 -36.8972
-40.1739 -35.4859 -41.3081 -36.8972
-40.1739 -35.4859 -41.3081 -36.8972
-39.9019 -35.9632 -41.1678 -37.1832
-39.9019 -35.9632 -41.1678 -37.1832
-39.9019 -35.9632 -41.1678 -37.1832
-39.9019 -35.9632 -41.1678 -37.1832
-39.9019 -35.9632 -41.1678 -37.1832
-39.9019 -35.9632 -41.1678 -37.1832
-39.9019 -35.9632 -41.1678 -37.1832
-39.9019 -35.9632 -41.1678 -37.1832
-39.9019 -35.9632 -41.1678 -37.1832
-39.9019 -35.9632 -41.1678 -37.1832
-39.9019 -35.9632 -41.1678 -37.1832
-39.9019 -35.9632 -41.1678 -37.1832
-39.9019 -35.9632 -41.1678 -37.1832
-39.9019 -35.9632 -41.1678 -37.1832
-39.9019 -35.9632 -41.1678 -37.1832
-39.9019 -35.9632 -41.1678 -37.1832
-39.9019 -35.9632 -41.1678 -37.1832
-39.9019 -35.9632 -41.1678 -37.1832
-39.9019 -35.9632 -41.1678 -37.1832
-40.4687 -36.0442 -40.6926 -37.4121
-40.4687 -36.0442 -40.6926 -37.4121
-40.4687 -36.0442 -40.6926 -37.4121
-40.4687 -36.0442 -40.6926 -37.4121
-40.4687 -36.0442 -40.6926 -37.4121
-40.4687 -36.0442 -40.6926 -37.4121
-40.4687 -36.0442 -40.6926 -37.4121
-40.4687 -36.0442 -40.6926 -37.4121
-40.4687 -36.0442 -40.6926 -37.4121
-40.4687 -36.0442 -40.6926 -37.4121
-40.4687 -36.0442 -40.6926 -37.4121
-40.4687 -36.0442 -40.6926 -37.4121
-40.4687 -36.0442 -40.6926 -37.4121
-40.4687 -36.0442 -40.6926 -37.4121
-40.4687 -36.0442 -40.6926 -37.4121
-40.4687 -36.0442 -40.6926 -37.4121
-40.4687 -36.0442 -40.6926 -37.4121
-40.4687 -36.0442 -40.6926 -37.4121
-40.4687 -36.0442 -40.6926 -37.4121
-40.4687 -36.0442 -40.6926 -37.4121
-40.322 -36.0159 -40.9063 -36.4257
-40.322 -36.0159 -40.9063 -36.4257
-40.322 -36.0159 -40.9063 -36.4257
-40.322 -36.0159 -40.9063 -36.4257
-40.322 -36.0159 -40.9063 -36.4257
-40.322 -36.0159 -40.9063 -36.4257
-40.322 -36.0159 -40.9063 -36.4257
-40.322 -36.0159 -40.9063 -36.4257
-40.322 -36.0159 -40.9063 -36.4257
-40.322 -36.0159 -40.9063 -36.4257
-40.322 -36.0159 -40.9063 -36.4257
-40.322 -36.0159 -40.9063 -36.4257
-40.322 -36.0159 -40.9063 -36.4257
-40.322 -36.0159 -40.9063 -36.4257
-40.322 -36.0159 -40.9063 -36.4257
-40.322 -36.0159 -40.9063 -36.4257
-40.322 -36.0159 -40.9063 -36.4257
-40.322 -36.0159 -40.9063 -36.4257
-40.322 -36.0159 -40.9063 -36.4257
-40.322 -36.0159 -40.9063 -36.4257
-40.0263 -36.5272 -40.8193 -37.1975
-40.0263 -36.5272 -40.8193 -37.1975
-40.0263 -36.5272 -40.8193 -37.1975
-40.0263 -36.5272 -40.8193 -37.1975
-40.0263 -36.5272 -40.8193 -37.1975
-40.0263 -36.5272 -40.8193 -37.1975
-40.0263 -36.5272 -40.8193 -37.1975
-40.0263 -36.5272 -40.8193 -37.1975
-40.0263 -36.5272 -40.8193 -37.1975
-40.0263 -36.5272 -40.8193 -37.1975
-40.0263 -36.5272 -40.8193 -37.1975
-40.0263 -36.5272 -40.8193 -37.1975
-40.0263 -36.5272 -40.8193 -37.1975
-40.0263 -36.5272 -40.8193 -37.1975
-40.0263 -36.5272 -40.8193 -37.1975
-40.0263 -36.5272 -40.8193 -37.1975
-40.0263 -36.5272 -40.8193 -37.1975
-40.0263 -36.5272 -40.8193 -37.1975
-40.0263 -36.5272 -40.8193 -37.1975
-40.0263 -36.5272 -40.8193 -37.1975
-40.0263 -36.1011 -40.2627 -36.9118
-40.0263 -36.1011 -40.2627 -36.9118
-40.0263 -36.1011 -40.2627 -36.9118
-40.0263 -36.1011 -40.2627 -36.9118
-40.0263 -36.1011 -40.2627 -36.9118
-40.0263 -36.1011 -40.2627 -36.9118
-40.0263 -36.1011 -40.2627 -36.9118
-40.0263 -36.1011 -40.2627 -36.9118
-40.0263 -36.1011 -40.2627 -36.9118
-40.0263 -36.1011 -40.2627 -36.9118
-40.0263 -36.1011 -40.2627 -36.9118
-40.0263 -36.1011 -40.2627 -36.9118
-40.0263 -36.1011 -40.2627 -36.9118
-40.0263 -36.1011 -40.2627 -36.9118
-40.0263 -36.1011 -40.2627 -36.9118
-40.0263 -36.1011 -40.2627 -36.9118
-40.0263 -36.1011 -40.2627 -36.9118
-40.0263 -36.1011 -40.2627 -36.9118
-40.0263 -36.1011 -40.2627 -36.9118
-40.0263 -36.1011 -40.2627 -36.9118
-40.2823 -35.8079 -41.0457 -37.6096
-40.2823 -35.8079 -41.0457 -37.6096
-40.2823 -35.8079 -41.0457 -37.6096
-40.2823 -35.8079 -41.0457 -37.6096
-40.2823 -35.8079 -41.0457 -37.6096
-40.2823 -35.8079 -41.0457 -37.6096
-40.2823 -35.8079 -41.0457 -37.6096
-40.2823 -35.8079 -41.0457 -37.6096
-40.2823 -35.8079 -41.0457 -37.6096
-40.2823 -35.8079 -41.0457 -37.6096
-40.2823 -35.8079 -41.0457 -37.6096
-40.2823 -35.8079 -41.0457 -37.6096
-40.2823 -35.8079 -41.0457 -37.6096
-40.2823 -35.8079 -41.0457 -37.6096
-40.2823 -35.8079 -41.0457 -37.6096
-40.2823 -35.8079 -41.0457 -37.6096
-40.2823 -35.8079 -41.0457 -37.6096
-40.2823 -35.8079 -41.0457 -37.6096
-40.2823 -35.8079 -41.0457 -37.6096
-40.2823 -35.8079 -41.0457 -37.6096
-40.139 -35.6083 -40.8409 -37.0202
-40.139 -35.6083 -40.8409 -37.0202
-40.139 -35.6083 -40.8409 -37.0202
-40.139 -35.6083 -40.8409 -37.0202
-40.139 -35.6083 -40.8409 -37.0202
-40.139 -35.6083 -40.8409 -37.0202
-40.139 -35.6083 -40.8409 -37.0202
-40.139 -35.6083 -40.8409 -37.0202
-40.139 -35.6083 -40.8409 -37.0202
-40.139 -35.6083 -40.8409 -37.0202
-40.139 -35.6083 -40.8409 -37.0202
-40.139 -35.6083 -40.8409 -37.0202
-40.139 -35.6083 -40.8409 -37.0202
-40.139 -35.6083 -40.8409 -37.0202
-40.139 -35.6083 -40.8409 -37.0202
-40.139 -35.6083 -40.8409 -37.0202
-40.139 -35.6083 -40.8409 -37.0202
-40.139 -35.6083 -40.8409 -37.0202
-40.139 -35.6083 -40.8409 -37.0202
-40.139 -35.6083 -40.8409 -37.0202
-38.5044 -36.1989 -40.231 -37.0077
-38.5044 -36.1989 -40.231 -37.0077
-38.5044 -36.1989 -40.231 -37.0077
-38.5044 -36.1989 -40.231 -37.0077
-38.5044 -36.1989 -40.231 -37.0077
-38.5044 -36.1989 -40.231 -37.0077
-38.5044 -36.1989 -40.231 -37.0077
-38.5044 -36.1989 -40.231 -37.0077
-38.5044 -36.1989 -40.231 -37.0077
-38.5044 -36.1989 -40.231 -37.0077
-38.5044 -36.1989 -40.231 -37.0077
-38.5044 -36.1989 -40.231 -37.0077
-38.5044 -36.1989 -40.231 -37.0077
-38.5044 -36.1989 -40.231 -37.0077
-38.5044 -36.1989 -40.231 -37.0077
-38.5044 -36.1989 -40.231 -37.0077
-38.5044 -36.1989 -40.231 -37.0077
-38.5044 -36.1989 -40.231 -37.0077
-38.5044 -36.1989 -40.231 -37.0077
-38.5044 -36.1989 -40.231 -37.0077
-40.3225 -35.7139 -40.1569 -37.0456
-40.3225 -35.7139 -40.1569 -37.0456
-40.3225 -35.7139 -40.1569 -37.0456
-40.3225 -35.7139 -40.1569 -37.0456
-40.3225 -35.7139 -40.1569 -37.0456
-40.3225 -35.7139 -40.1569 -37.0456
-40.3225 -35.7139 -40.1569 -37.0456
-40.3225 -35.7139 -40.1569 -37.0456
-40.3225 -35.7139 -40.1569 -37.0456
-40.3225 -35.7139 -40.1569 -37.0456
-40.3225 -35.7139 -40.1569 -37.0456
-40.3225 -35.7139 -40.1569 -37.0456
-40.3225 -35.7139 -40.1569 -37.0456
-40.3225 -35.7139 -40.1569 -37.0456
-40.3225 -35.7139 -40.1569 -37.0456
-40.3225 -35.7139 -40.1569 -37.0456
-40.3225 -35.7139 -40.1569 -37.0456
-40.3225 -35.7139 -40.1569 -37.0456
-40.3225 -35.7139 -40.1569 -37.0456
-40.3225 -35.7139 -40.1569 -37.0456
-39.6976 -35.9034 -41.8351 -37.0511
-39.6976 -35.9034 -41.8351 -37.0511
-39.6976 -35.9034 -41.8351 -37.0511
-39.6976 -35.9034 -41.8351 -37.0511
-39.6976 -35.9034 -41.8351 -37.0511
-39.6976 -35.9034 -41.8351 -37.0511
-39.6976 -35.9034 -41.8351 -37.0511
-39.6976 -35.9034 -41.8351 -37.0511
-39.6976 -35.9034 -41.8351 -37.0511
-39.6976 -35.9034 -41.8351 -37.0511
-39.6976 -35.9034 -41.8351 -37.0511
-39.6976 -35.9034 -41.8351 -37.0511
-39.6976 -35.9034 -41.8351 -37.0511
-39.6976 -35.9034 -41.8351 -37.0511
-39.6976 -35.9034 -41.8351 -37.0511
-39.6976 -35.9034 -41.8351 -37.0511
-39.6976 -35.9034 -41.8351 -37.0511
-39.6976 -35.9034 -41.8351 -37.0511
-39.6976 -35.9034 -41.8351 -37.0511
-39.6976 -35.9034 -41.8351 -37.0511
-40.8029 -35.6137 -41.2638 -37.0487
-40.8029 -35.6137 -41.2638 -37.0487
-40.8029 -35.6137 -41.2638 -37.0487
-40.8029 -35.6137 -41.2638 -37.0487
-40.8029 -35.6137 -41.2638 -37.0487
-40.8029 -35.6137 -41.2638 -37.0487
-40.8029 -35.6137 -41.2638 -37.0487
-40.8029 -35.6137 -41.2638 -37.0487
-40.8029 -35.6137 -41.2638 -37.0487
-40.8029 -35.6137 -41.2638 -37.0487
-40.8029 -35.6137 -41.2638 -37.0487
-40.8029 -35.6137 -41.2638 -37.0487
-40.8029 -35.6137 -41.2638 -37.0487
-40.8029 -35.6137 -41.2638 -37.0487
-40.8029 -35.6137 -41.2638 -37.0487
-40.8029 -35.6137 -41.2638 -37.0487
-40.8029 -35.6137 -41.2638 -37.0487
-40.8029 -35.6137 -41.2638 -37.0487
-40.8029 -35.6137 -41.2638 -37.0487
-40.8029 -35.6137 -41.2638 -37.0487
-40.2628 -35.3963 -41.5741 -37.2507
-40.2628 -35.3963 -41.5741 -37.2507
-40.2628 -35.3963 -41.5741 -37.2507
-40.2628 -35.3963 -41.5741 -37.2507
-40.2628 -35.3963 -41.5741 -37.2507
-40.2628 -35.3963 -41.5741 -37.2507
-40.2628 -35.3963 -41.5741 -37.2507
-40.2628 -35.3963 -41.5741 -37.2507
-40.2628 -35.3963 -41.5741 -37.2507
-40.2628 -35.3963 -41.5741 -37.2507
-40.2628 -35.3963 -41.5741 -37.2507
-40.2628 -35.3963 -41.5741 -37.2507
-40.2628 -35.3963 -41.5741 -37.2507
-40.2628 -35.3963 -41.5741 -37.2507
-40.2628 -35.3963 -41.5741 -37.2507
-40.2628 -35.3963 -41.5741 -37.2507
-40.2628 -35.3963 -41.5741 -37.2507
-40.2628 -35.3963 -41.5741 -37.2507
-40.2628 -35.3963 -41.5741 -37.2507
-40.2628 -35.3963 -41.5741 -37.2507
-39.5907 -35.8827 -41.738 -37.1994
-39.5907 -35.8827 -41.738 -37.1994
-39.5907 -35.8827 -41.738 -37.1994
-39.5907 -35.8827 -41.738 -37.1994
-39.5907 -35.8827 -41.738 -37.1994
-39.5907 -35.8827 -41.738 -37.1994
-39.5907 -35.8827 -41.738 -37.1994
-39.5907 -35.8827 -41.738 -37.1994
-39.5907 -35.8827 -41.738 -37.1994
-39.5907 -35.8827 -41.738 -37.1994
-39.5907 -35.8827 -41.738 -37.1994
-39.5907 -35.8827 -41.738 -37.1994
-39.5907 -35.8827 -41.738 -37.1994
-39.5907 -35.8827 -41.738 -37.1994
-39.5907 -35.8827 -41.738 -37.1994
-39.5907 -35.8827 -41.738 -37.1994
-39.5907 -35.8827 -41.738 -37.1994
-39.5907 -35.8827 -41.738 -37.1994
-39.5907 -35.8827 -41.738 -37.1994
-39.5907 -35.8827 -41.738 -37.1994
-38.9505 -35.773 -41.4591 -37.226
-38.9505 -35.773 -41.4591 -37.226
-38.9505 -35.773 -41.4591 -37.226
-38.9505 -35.773 -41.4591 -37.226
-38.9505 -35.773 -41.4591 -37.226
-38.9505 -35.773 -41.4591 -37.226
-38.9505 -35.773 -41.4591 -37.226
-38.9505 -35.773 -41.4591 -37.226
-38.9505 -35.773 -41.4591 -37.226
-38.9505 -35.773 -41.4591 -37.226
-38.9505 -35.773 -41.4591 -37.226
-38.9505 -35.773 -41.4591 -37.226
-38.9505 -35.773 -41.4591 -37.226
-38.9505 -35.773 -41.4591 -37.226
-38.9505 -35.773 -41.4591 -37.226
-38.9505 -35.773 -41.4591 -37.226
-38.9505 -35.773 -41.4591 -37.226
-38.9505 -35.773 -41.4591 -37.226
-38.9505 -35.773 -41.4591 -37.226
-38.9505 -35.773 -41.4591 -37.226
-40.7839 -35.7172 -40.231 -37.3768
-40.7839 -35.7172 -40.231 -37.3768
-40.7839 -35.7172 -40.231 -37.3768
-40.7839 -35.7172 -40.231 -37.3768
-40.7839 -35.7172 -40.231 -37.3768
-40.7839 -35.7172 -40.231 -37.3768
-40.7839 -35.7172 -40.231 -37.3768
-40.7839 -35.7172 -40.231 -37.3768
-40.7839 -35.7172 -40.231 -37.3768
-40.7839 -35.7172 -40.231 -37.3768
-40.7839 -35.7172 -40.231 -37.3768
-40.7839 -35.7172 -40.231 -37.3768
-40.7839 -35.7172 -40.231 -37.3768
-40.7839 -35.7172 -40.231 -37.3768
-40.7839 -35.7172 -40.231 -37.3768
-40.7839 -35.7172 -40.231 -37.3768
-40.7839 -35.7172 -40.231 -37.3768
-40.7839 -35.7172 -40.231 -37.3768
-40.7839 -35.7172 -40.231 -37.3768
-40.7839 -35.7172 -40.231 -37.3768
-40.1581 -35.6211 -41.2953 -36.7007
-40.1581 -35.6211 -41.2953 -36.7007
-40.1581 -35.6211 -41.2953 -36.7007
-40.1581 -35.6211 -41.2953 -36.7007
-40.1581 -35.6211 -41.2953 -36.7007
-40.1581 -35.6211 -41.2953 -36.7007
-40.1581 -35.6211 -41.2953 -36.7007
-40.1581 -35.6211 -41.2953 -36.7007
-40.1581 -35.6211 -41.2953 -36.7007
-40.1581 -35.6211 -41.2953 -36.7007
-40.1581 -35.6211 -41.2953 -36.7007
-40.1581 -35.6211 -41.2953 -36.7007
-40.1581 -35.6211 -41.2953 -36.7007
-40.1581 -35.6211 -41.2953 -36.7007
-40.1581 -35.6211 -41.2953 -36.7007
-40.1581 -35.6211 -41.2953 -36.7007
-40.1581 -35.6211 -41.2953 -36.7007
-40.1581 -35.6211 -41.2953 -36.7007
-40.1581 -35.6211 -41.2953 -36.7007
-40.1581 -35.6211 -41.2953 -36.7007
-40.141 -35.7488 -40.3051 -37.0221
-40.141 -35.7488 -40.3051 -37.0221
-40.141 -35.7488 -40.3051 -37.0221
-40.141 -35.7488 -40.3051 -37.0221
-40.141 -35.7488 -40.3051 -37.0221
-40.141 -35.7488 -40.3051 -37.0221
-40.141 -35.7488 -40.3051 -37.0221
-40.141 -35.7488 -40.3051 -37.0221
-40.141 -35.7488 -40.3051 -37.0221
-40.141 -35.7488 -40.3051 -37.0221
-40.141 -35.7488 -40.3051 -37.0221
-40.141 -35.7488 -40.3051 -37.0221
-40.141 -35.7488 -40.3051 -37.0221
-40.141 -35.7488 -40.3051 -37.0221
-40.141 -35.7488 -40.3051 -37.0221
-40.141 -35.7488 -40.3051 -37.0221
-40.141 -35.7488 -40.3051 -37.0221
-40.141 -35.7488 -40.3051 -37.0221
-40.141 -35.7488 -40.3051 -37.0221
-40.141 -35.7488 -40.3051 -37.0221
-39.8819 -35.7792 -40.6653 -37.6402
-39.8819 -35.7792 -40.6653 -37.6402
-39.8819 -35.7792 -40.6653 -37.6402
-39.8819 -35.7792 -40.6653 -37.6402
-39.8819 -35.7792 -40.6653 -37.6402
-39.8819 -35.7792 -40.6653 -37.6402
-39.8819 -35.7792 -40.6653 -37.6402
-39.8819 -35.7792 -40.6653 -37.6402
-39.8819 -35.7792 -40.6653 -37.6402
-39.8819 -35.7792 -40.6653 -37.6402
-39.8819 -35.7792 -40.6653 -37.6402
-39.8819 -35.7792 -40.6653 -37.6402
-39.8819 -35.7792 -40.6653 -37.6402
-39.8819 -35.7792 -40.6653 -37.6402
-39.8819 -35.7792 -40.6653 -37.6402
-39.8819 -35.7792 -40.6653 -37.6402
-39.8819 -35.7792 -40.6653 -37.6402
-39.8819 -35.7792 -40.6653 -37.6402
-39.8819 -35.7792 -40.6653 -37.6402
-39.8819 -35.7792 -40.6653 -37.6402
-39.8128 -35.8653 -40.2861 -36.7148
-39.8128 -35.8653 -40.2861 -36.7148
-39.8128 -35.8653 -40.2861 -36.7148
-39.8128 -35.8653 -40.2861 -36.7148
-39.8128 -35.8653 -40.2861 -36.7148
-39.8128 -35.8653 -40.2861 -36.7148
-39.8128 -35.8653 -40.2861 -36.7148
-39.8128 -35.8653 -40.2861 -36.7148
-39.8128 -35.8653 -40.2861 -36.7148
-39.8128 -35.8653 -40.2861 -36.7148
-39.8128 -35.8653 -40.2861 -36.7148
-39.8128 -35.8653 -40.2861 -36.7148
-39.8128 -35.8653 -40.2861 -36.7148
-39.8128 -35.8653 -40.2861 -36.7148
-39.8128 -35.8653 -40.2861 -36.7148
-39.8128 -35.8653 -40.2861 -36.7148
-39.8128 -35.8653 -40.2861 -36.7148
-39.8128 -35.8653 -40.2861 -36.7148
-39.8128 -35.8653 -40.2861 -36.7148
-39.8128 -35.8653 -40.2861 -36.7148
-40.141 -35.3768 -40.8198 -37.362
-40.141 -35.3768 -40.8198 -37.362
-40.141 -35.3768 -40.8198 -37.362
-40.141 -35.3768 -40.8198 -37.362
-40.141 -35.3768 -40.8198 -37.362
-40.141 -35.3768 -40.8198 -37.362
-40.141 -35.3768 -40.8198 -37.362
-40.141 -35.3768 -40.8198 -37.362
-40.141 -35.3768 -40.8198 -37.362
-40.141 -35.3768 -40.8198 -37.362
-40.141 -35.3768 -40.8198 -37.362
-40.141 -35.3768 -40.8198 -37.362
-40.141 -35.3768 -40.8198 -37.362
-40.141 -35.3768 -40.8198 -37.362
-40.141 -35.3768 -40.8198 -37.362
-40.141 -35.3768 -40.8198 -37.362
-40.141 -35.3768 -40.8198 -37.362
-40.141 -35.3768 -40.8198 -37.362
-40.141 -35.3768 -40.8198 -37.362
-40.141 -35.3768 -40.8198 -37.362
-40.7428 -35.8743 -41.4851 -37.6197
-40.7428 -35.8743 -41.4851 -37.6197
-40.7428 -35.8743 -41.4851 -37.6197
-40.7428 -35.8743 -41.4851 -37.6197
-40.7428 -35.8743 -41.4851 -37.6197
-40.7428 -35.8743 -41.4851 -37.6197
-40.7428 -35.8743 -41.4851 -37.6197
-40.7428 -35.8743 -41.4851 -37.6197
-40.7428 -35.8743 -41.4851 -37.6197
-40.7428 -35.8743 -41.4851 -37.6197
-40.7428 -35.8743 -41.4851 -37.6197
-40.7428 -35.8743 -41.4851 -37.6197
-40.7428 -35.8743 -41.4851 -37.6197
-40.7428 -35.8743 -41.4851 -37.6197
-40.7428 -35.8743 -41.4851 -37.6197
-40.7428 -35.8743 -41.4851 -37.6197
-40.7428 -35.8743 -41.4851 -37.6197
-40.7428 -35.8743 -41.4851 -37.6197
-40.7428 -35.8743 -41.4851 -37.6197
-40.7428 -35.8743 -41.4851 -37.6197
-39.3116 -36.0052 -39.4116 -36.8198
-39.3116 -36.0052 -39.4116 -36.8198
-39.3116 -36.0052 -39.4116 -36.8198
-39.3116 -36.0052 -39.4116 -36.8198
-39.3116 -36.0052 -39.4116 -36.8198
-39.3116 -36.0052 -39.4116 -36.8198
-39.3116 -36.0052 -39.4116 -36.8198
-39.3116 -36.0052 -39.4116 -36.8198
-39.3116 -36.0052 -39.4116 -36.8198
-39.3116 -36.0052 -39.4116 -36.8198
-39.3116 -36.0052 -39.4116 -36.8198
-39.3116 -36.0052 -39.4116 -36.8198
-39.3116 -36.0052 -39.4116 -36.8198
-39.3116 -36.0052 -39.4116 -36.8198
-39.3116 -36.0052 -39.4116 -36.8198
-39.3116 -36.0052 -39.4116 -36.8198
-39.3116 -36.0052 -39.4116 -36.8198
-39.3116 -36.0052 -39.4116 -36.8198
-39.3116 -36.0052 -39.4116 -36.8198
-39.3116 -36.0052 -39.4116 -36.8198
-40.4868 -36.1297 -40.5344 -36.4253
-40.4868 -36.1297 -40.5344 -36.4253
-40.4868 -36.1297 -40.5344 -36.4253
-40.4868 -36.1297 -40.5344 -36.4253
-40.4868 -36.1297 -40.5344 -36.4253
-40.4868 -36.1297 -40.5344 -36.4253
-40.4868 -36.1297 -40.5344 -36.4253
-40.4868 -36.1297 -40.5344 -36.4253
-40.4868 -36.1297 -40.5344 -36.4253
-40.4868 -36.1297 -40.5344 -36.4253
-40.4868 -36.1297 -40.5344 -36.4253
-40.4868 -36.1297 -40.5344 -36.4253
-40.4868 -36.1297 -40.5344 -36.4253
-40.4868 -36.1297 -40.5344 -36.4253
-40.4868 -36.1297 -40.5344 -36.4253
-40.4868 -36.1297 -40.5344 -36.4253
-40.4868 -36.1297 -40.5344 -36.4253
-40.4868 -36.1297 -40.5344 -36.4253
-40.4868 -36.1297 -40.5344 -36.4253
-40.4868 -36.1297 -40.5344 -36.4253
-39.4966 -35.414 -40.9447 -36.4983
-39.4966 -35.414 -40.9447 -36.4983
-39.4966 -35.414 -40.9447 -36.4983
-39.4966 -35.414 -40.9447 -36.4983
-39.4966 -35.414 -40.9447 -36.4983
-39.4966 -35.414 -40.9447 -36.4983
-39.4966 -35.414 -40.9447 -36.4983
-39.4966 -35.414 -40.9447 -36.4983
-39.4966 -35.414 -40.9447 -36.4983
-39.4966 -35.414 -40.9447 -36.4983
-39.4966 -35.414 -40.9447 -36.4983
-39.4966 -35.414 -40.9447 -36.4983
-39.4966 -35.414 -40.9447 -36.4983
-39.4966 -35.414 -40.9447 -36.4983
-39.4966 -35.414 -40.9447 -36.4983
-39.4966 -35.414 -40.9447 -36.4983
-39.4966 -35.414 -40.9447 -36.4983
-39.4966 -35.414 -40.9447 -36.4983
-39.4966 -35.414 -40.9447 -36.4983
-39.4966 -35.414 -40.9447 -36.4983
-39.4776 -36.2233 -41.0635 -36.5567
-39.4776 -36.2233 -41.0635 -36.5567
-39.4776 -36.2233 -41.0635 -36.5567
-39.4776 -36.2233 -41.0635 -36.5567
-39.4776 -36.2233 -41.0635 -36.5567
-39.4776 -36.2233 -41.0635 -36.5567
-39.4776 -36.2233 -41.0635 -36.5567
-39.4776 -36.2233 -41.0635 -36.5567
-39.4776 -36.2233 -41.0635 -36.5567
-39.4776 -36.2233 -41.0635 -36.5567
-39.4776 -36.2233 -41.0635 -36.5567
-39.4776 -36.2233 -41.0635 -36.5567
-39.4776 -36.2233 -41.0635 -36.5567
-39.4776 -36.2233 -41.0635 -36.5567
-39.4776 -36.2233 -41.0635 -36.5567
-39.4776 -36.2233 -41.0635 -36.5567
-39.4776 -36.2233 -41.0635 -36.5567
-39.4776 -36.2233 -41.0635 -36.5567
-39.4776 -36.2233 -41.0635 -36.5567
-39.4776 -36.2233 -41.0635 -36.5567
-40.6507 -35.6655 -40.6163 -36.5748
-40.6507 -35.6655 -40.6163 -36.5748
-40.6507 -35.6655 -40.6163 -36.5748
-40.6507 -35.6655 -40.6163 -36.5748
-40.6507 -35.6655 -40.6163 -36.5748
-40.6507 -35.6655 -40.6163 -36.5748
-40.6507 -35.6655 -40.6163 -36.5748
-40.6507 -35.6655 -40.6163 -36.5748
-40.6507 -35.6655 -40.6163 -36.5748
-40.6507 -35.6655 -40.6163 -36.5748
-40.6507 -35.6655 -40.6163 -36.5748
-40.6507 -35.6655 -40.6163 -36.5748
-40.6507 -35.6655 -40.6163 -36.5748
-40.6507 -35.6655 -40.6163 -36.5748
-40.6507 -35.6655 -40.6163 -36.5748
-40.6507 -35.6655 -40.6163 -36.5748
-40.6507 -35.6655 -40.6163 -36.5748
-40.6507 -35.6655 -40.6163 -36.5748
-40.6507 -35.6655 -40.6163 -36.5748
-40.6507 -35.6655 -40.6163 -36.5748
-39.6796 -35.9358 -40.6886 -36.5809
-39.6796 -35.9358 -40.6886 -36.5809
-39.6796 -35.9358 -40.6886 -36.5809
-39.6796 -35.9358 -40.6886 -36.5809
-39.6796 -35.9358 -40.6886 -36.5809
-39.6796 -35.9358 -40.6886 -36.5809
-39.6796 -35.9358 -40.6886 -36.5809
-39.6796 -35.9358 -40.6886 -36.5809
-39.6796 -35.9358 -40.6886 -36.5809
-39.6796 -35.9358 -40.6886 -36.5809
-39.6796 -35.9358 -40.6886 -36.5809
-39.6796 -35.9358 -40.6886 -36.5809
-39.6796 -35.9358 -40.6886 -36.5809
-39.6796 -35.9358 -40.6886 -36.5809
-39.6796 -35.9358 -40.6886 -36.5809
-39.6796 -35.9358 -40.6886 -36.5809
-39.6796 -35.9358 -40.6886 -36.5809
-39.6796 -35.9358 -40.6886 -36.5809
-39.6796 -35.9358 -40.6886 -36.5809
-39.6796 -35.9358 -40.6886 -36.5809
-39.6956 -35.6435 -40.6568 -36.5788
-39.6956 -35.6435 -40.6568 -36.5788
-39.6956 -35.6435 -40.6568 -36.5788
-39.6956 -35.6435 -40.6568 -36.5788
-39.6956 -35.6435 -40.6568 -36.5788
-39.6956 -35.6435 -40.6568 -36.5788
-39.6956 -35.6435 -40.6568 -36.5788
-39.6956 -35.6435 -40.6568 -36.5788
-39.6956 -35.6435 -40.6568 -36.5788
-39.6956 -35.6435 -40.6568 -36.5788
-39.6956 -35.6435 -40.6568 -36.5788
-39.6956 -35.6435 -40.6568 -36.5788
-39.6956 -35.6435 -40.6568 -36.5788
-39.6956 -35.6435 -40.6568 -36.5788
-39.6956 -35.6435 -40.6568 -36.5788
-39.6956 -35.6435 -40.6568 -36.5788
-39.6956 -35.6435 -40.6568 -36.5788
-39.6956 -35.6435 -40.6568 -36.5788
-39.6956 -35.6435 -40.6568 -36.5788
-39.6956 -35.6435 -40.6568 -36.5788
-39.9881 -35.6975 -41.4602 -37.0734
-39.9881 -35.6975 -41.4602 -37.0734
-39.9881 -35.6975 -41.4602 -37.0734
-39.9881 -35.6975 -41.4602 -37.0734
-39.9881 -35.6975 -41.4602 -37.0734
-39.9881 -35.6975 -41.4602 -37.0734
-39.9881 -35.6975 -41.4602 -37.0734
-39.9881 -35.6975 -41.4602 -37.0734
-39.9881 -35.6975 -41.4602 -37.0734
-39.9881 -35.6975 -41.4602 -37.0734
-39.9881 -35.6975 -41.4602 -37.0734
-39.9881 -35.6975 -41.4602 -37.0734
-39.9881 -35.6975 -41.4602 -37.0734
-39.9881 -35.6975 -41.4602 -37.0734
-39.9881 -35.6975 -41.4602 -37.0734
-39.9881 -35.6975 -41.4602 -37.0734
-39.9881 -35.6975 -41.4602 -37.0734
-39.9881 -35.6975 -41.4602 -37.0734
-39.9881 -35.6975 -41.4602 -37.0734
-39.9881 -35.6975 -41.4602 -37.0734
-40.1595 -35.2519 -40.037 -36.7858
-40.1595 -35.2519 -40.037 -36.7858
-40.1595 -35.2519 -40.037 -36.7858
-40.1595 -35.2519 -40.037 -36.7858
-40.1595 -35.2519 -40.037 -36.7858
-40.1595 -35.2519 -40.037 -36.7858
-40.1595 -35.2519 -40.037 -36.7858
-40.1595 -35.2519 -40.037 -36.7858
-40.1595 -35.2519 -40.037 -36.7858
-40.1595 -35.2519 -40.037 -36.7858
-40.1595 -35.2519 -40.037 -36.7858
-40.1595 -35.2519 -40.037 -36.7858
-40.1595 -35.2519 -40.037 -36.7858
-40.1595 -35.2519 -40.037 -36.7858
-40.1595 -35.2519 -40.037 -36.7858
-40.1595 -35.2519 -40.037 -36.7858
-40.1595 -35.2519 -40.037 -36.7858
-40.1595 -35.2519 -40.037 -36.7858
-40.1595 -35.2519 -40.037 -36.7858
-40.1595 -35.2519 -40.037 -36.7858
-40.7814 -35.8934 -42.0763 -36.9879
-40.7814 -35.8934 -42.0763 -36.9879
-40.7814 -35.8934 -42.0763 -36.9879
-40.7814 -35.8934 -42.0763 -36.9879
-40.7814 -35.8934 -42.0763 -36.9879
-40.7814 -35.8934 -42.0763 -36.9879
-40.7814 -35.8934 -42.0763 -36.9879
-40.7814 -35.8934 -42.0763 -36.9879
-40.7814 -35.8934 -42.0763 -36.9879
-40.7814 -35.8934 -42.0763 -36.9879
-40.7814 -35.8934 -42.0763 -36.9879
-40.7814 -35.8934 -42.0763 -36.9879
-40.7814 -35.8934 -42.0763 -36.9879
-40.7814 -35.8934 -42.0763 -36.9879
-40.7814 -35.8934 -42.0763 -36.9879
-40.7814 -35.8934 -42.0763 -36.9879
-40.7814 -35.8934 -42.0763 -36.9879
-40.7814 -35.8934 -42.0763 -36.9879
-40.7814 -35.8934 -42.0763 -36.9879
-40.7814 -35.8934 -42.0763 -36.9879
-41.1188 -35.5489 -41.7237 -36.617
-41.1188 -35.5489 -41.7237 -36.617
-41.1188 -35.5489 -41.7237 -36.617
-41.1188 -35.5489 -41.7237 -36.617
-41.1188 -35.5489 -41.7237 -36.617
-41.1188 -35.5489 -41.7237 -36.617
-41.1188 -35.5489 -41.7237 -36.617
-41.1188 -35.5489 -41.7237 -36.617
-41.1188 -35.5489 -41.7237 -36.617
-41.1188 -35.5489 -41.7237 -36.617
-41.1188 -35.5489 -41.7237 -36.617
-41.1188 -35.5489 -41.7237 -36.617
-41.1188 -35.5489 -41.7237 -36.617
-41.1188 -35.5489 -41.7237 -36.617
-41.1188 -35.5489 -41.7237 -36.617
-41.1188 -35.5489 -41.7237 -36.617
-41.1188 -35.5489 -41.7237 -36.617
-41.1188 -35.5489 -41.7237 -36.617
-41.1188 -35.5489 -41.7237 -36.617
-41.1188 -35.5489 -41.7237 -36.617
-39.257 -35.5467 -39.9898 -36.9362
-39.257 -35.5467 -39.9898 -36.9362
-39.257 -35.5467 -39.9898 -36.9362
-39.257 -35.5467 -39.9898 -36.9362
-39.257 -35.5467 -39.9898 -36.9362
-39.257 -35.5467 -39.9898 -36.9362
-39.257 -35.5467 -39.9898 -36.9362
-39.257 -35.5467 -39.9898 -36.9362
-39.257 -35.5467 -39.9898 -36.9362
-39.257 -35.5467 -39.9898 -36.9362
-39.257 -35.5467 -39.9898 -36.9362
-39.257 -35.5467 -39.9898 -36.9362
-39.257 -35.5467 -39.9898 -36.9362
-39.257 -35.5467 -39.9898 -36.9362
-39.257 -35.5467 -39.9898 -36.9362
-39.257 -35.5467 -39.9898 -36.9362
-39.257 -35.5467 -39.9898 -36.9362
-39.257 -35.5467 -39.9898 -36.9362
-39.257 -35.5467 -39.9898 -36.9362
-39.257 -35.5467 -39.9898 -36.9362
-40.0082 -35.724 -40.4044 -36.2449
-40.0082 -35.724 -40.4044 -36.2449
-40.0082 -35.724 -40.4044 -36.2449
-40.0082 -35.724 -40.4044 -36.2449
-40.0082 -35.724 -40.4044 -36.2449
-40.0082 -35.724 -40.4044 -36.2449
-40.0082 -35.724 -40.4044 -36.2449
-40.0082 -35.724 -40.4044 -36.2449
-40.0082 -35.724 -40.4044 -36.2449
-40.0082 -35.724 -40.4044 -36.2449
-40.0082 -35.724 -40.4044 -36.2449
-40.0082 -35.724 -40.4044 -36.2449
-40.0082 -35.724 -40.4044 -36.2449
-40.0082 -35.724 -40.4044 -36.2449
-40.0082 -35.724 -40.4044 -36.2449
-40.0082 -35.724 -40.4044 -36.2449
-40.0082 -35.724 -40.4044 -36.2449
-40.0082 -35.724 -40.4044 -36.2449
-40.0082 -35.724 -40.4044 -36.2449
-40.0082 -35.724 -40.4044 -36.2449
-40.4167 -35.998 -40.0274 -36.1903
-40.4167 -35.998 -40.0274 -36.1903
-40.4167 -35.998 -40.0274 -36.1903
-40.4167 -35.998 -40.0274 -36.1903
-40.4167 -35.998 -40.0274 -36.1903
-40.4167 -35.998 -40.0274 -36.1903
-40.4167 -35.998 -40.0274 -36.1903
-40.4167 -35.998 -40.0274 -36.1903
-40.4167 -35.998 -40.0274 -36.1903
-40.4167 -35.998 -40.0274 -36.1903
-40.4167 -35.998 -40.0274 -36.1903
-40.4167 -35.998 -40.0274 -36.1903
-40.4167 -35.998 -40.0274 -36.1903
-40.4167 -35.998 -40.0274 -36.1903
-40.4167 -35.998 -40.0274 -36.1903
-40.4167 -35.998 -40.0274 -36.1903
-40.4167 -35.998 -40.0274 -36.1903
-40.4167 -35.998 -40.0274 -36.1903
-40.4167 -35.998 -40.0274 -36.1903
-40.4167 -35.998 -40.0274 -36.1903
-39.4023 -35.7498 -40.7882 -36.8652
-39.4023 -35.7498 -40.7882 -36.8652
-39.4023 -35.7498 -40.7882 -36.8652
-39.4023 -35.7498 -40.7882 -36.8652
-39.4023 -35.7498 -40.7882 -36.8652
-39.4023 -35.7498 -40.7882 -36.8652
-39.4023 -35.7498 -40.7882 -36.8652
-39.4023 -35.7498 -40.7882 -36.8652
-39.4023 -35.7498 -40.7882 -36.8652
-39.4023 -35.7498 -40.7882 -36.8652
-39.4023 -35.7498 -40.7882 -36.8652
-39.4023 -35.7498 -40.7882 -36.8652
-39.4023 -35.7498 -40.7882 -36.8652
-39.4023 -35.7498 -40.7882 -36.8652
-39.4023 -35.7498 -40.7882 -36.8652
-39.4023 -35.7498 -40.7882 -36.8652
-39.4023 -35.7498 -40.7882 -36.8652
-39.4023 -35.7498 -40.7882 -36.8652
-39.4023 -35.7498 -40.7882 -36.8652
-39.4023 -35.7498 -40.7882 -36.8652
-39.9179 -35.9012 -41.286 -37.0698
-39.9179 -35.9012 -41.286 -37.0698
-39.9179 -35.9012 -41.286 -37.0698
-39.9179 -35.9012 -41.286 -37.0698
-39.9179 -35.9012 -41.286 -37.0698
-39.9179 -35.9012 -41.286 -37.0698
-39.9179 -35.9012 -41.286 -37.0698
-39.9179 -35.9012 -41.286 -37.0698
-39.9179 -35.9012 -41.286 -37.0698
-39.9179 -35.9012 -41.286 -37.0698
-39.9179 -35.9012 -41.286 -37.0698
-39.9179 -35.9012 -41.286 -37.0698
-39.9179 -35.9012 -41.286 -37.0698
-39.9179 -35.9012 -41.286 -37.0698
-39.9179 -35.9012 -41.286 -37.0698
-39.9179 -35.9012 -41.286 -37.0698
-39.9179 -35.9012 -41.286 -37.0698
-39.9179 -35.9012 -41.286 -37.0698
-39.9179 -35.9012 -41.286 -37.0698
-39.9179 -35.9012 -41.286 -37.0698
-39.8056 -35.7792 -41.4308 -36.3386
-39.8056 -35.7792 -41.4308 -36.3386
-39.8056 -35.7792 -41.4308 -36.3386
-39.8056 -35.7792 -41.4308 -36.3386
-39.8056 -35.7792 -41.4308 -36.3386
-39.8056 -35.7792 -41.4308 -36.3386
-39.8056 -35.7792 -41.4308 -36.3386
-39.8056 -35.7792 -41.4308 -36.3386
-39.8056 -35.7792 -41.4308 -36.3386
-39.8056 -35.7792 -41.4308 -36.3386
-39.8056 -35.7792 -41.4308 -36.3386
-39.8056 -35.7792 -41.4308 -36.3386
-39.8056 -35.7792 -41.4308 -36.3386
-39.8056 -35.7792 -41.4308 -36.3386
-39.8056 -35.7792 -41.4308 -36.3386
-39.8056 -35.7792 -41.4308 -36.3386
-39.8056 -35.7792 -41.4308 -36.3386
-39.8056 -35.7792 -41.4308 -36.3386
-39.8056 -35.7792 -41.4308 -36.3386
-39.8056 -35.7792 -41.4308 -36.3386
-41.5046 -36.0797 -40.031 -37.1426
-41.5046 -36.0797 -40.031 -37.1426
-41.5046 -36.0797 -40.031 -37.1426
-41.5046 -36.0797 -40.031 -37.1426
-41.5046 -36.0797 -40.031 -37.1426
-41.5046 -36.0797 -40.031 -37.1426
-41.5046 -36.0797 -40.031 -37.1426
-41.5046 -36.0797 -40.031 -37.1426
-41.5046 -36.0797 -40.031 -37.1426
-41.5046 -36.0797 -40.031 -37.1426
-41.5046 -36.0797 -40.031 -37.1426
-41.5046 -36.0797 -40.031 -37.1426
-41.5046 -36.0797 -40.031 -37.1426
-41.5046 -36.0797 -40.031 -37.1426
-41.5046 -36.0797 -40.031 -37.1426
-41.5046 -36.0797 -40.031 -37.1426
-41.5046 -36.0797 -40.031 -37.1426
-41.5046 -36.0797 -40.031 -37.1426
-41.5046 -36.0797 -40.031 -37.1426
-41.5046 -36.0797 -40.031 -37.1426
-40.4713 -35.7149 -40.7415 -36.78
-40.4713 -35.7149 -40.7415 -36.78
-40.4713 -35.7149 -40.7415 -36.78
-40.4713 -35.7149 -40.7415 -36.78
-40.4713 -35.7149 -40.7415 -36.78
-40.4713 -35.7149 -40.7415 -36.78
-40.4713 -35.7149 -40.7415 -36.78
-40.4713 -35.7149 -40.7415 -36.78
-40.4713 -35.7149 -40.7415 -36.78
-40.4713 -35.7149 -40.7415 -36.78
-40.4713 -35.7149 -40.7415 -36.78
-40.4713 -35.7149 -40.7415 -36.78
-40.4713 -35.7149 -40.7415 -36.78
-40.4713 -35.7149 -40.7415 -36.78
-40.4713 -35.7149 -40.7415 -36.78
-40.4713 -35.7149 -40.7415 -36.78
-40.4713 -35.7149 -40.7415 -36.78
-40.4713 -35.7149 -40.7415 -36.78
-40.4713 -35.7149 -40.7415 -36.78
-40.4713 -35.7149 -40.7415 -36.78
-39.6263 -36.0441 -40.1243 -36.2586
-39.6263 -36.0441 -40.1243 -36.2586
-39.6263 -36.0441 -40.1243 -36.2586
-39.6263 -36.0441 -40.1243 -36.2586
-39.6263 -36.0441 -40.1243 -36.2586
-39.6263 -36.0441 -40.1243 -36.2586
-39.6263 -36.0441 -40.1243 -36.2586
-39.6263 -36.0441 -40.1243 -36.2586
-39.6263 -36.0441 -40.1243 -36.2586
-39.6263 -36.0441 -40.1243 -36.2586
-39.6263 -36.0441 -40.1243 -36.2586
-39.6263 -36.0441 -40.1243 -36.2586
-39.6263 -36.0441 -40.1243 -36.2586
-39.6263 -36.0441 -40.1243 -36.2586
-39.6263 -36.0441 -40.1243 -36.2586
-39.6263 -36.0441 -40.1243 -36.2586
-39.6263 -36.0441 -40.1243 -36.2586
-39.6263 -36.0441 -40.1243 -36.2586
-39.6263 -36.0441 -40.1243 -36.2586
-39.6263 -36.0441 -40.1243 -36.2586
-40.5978 -35.5467 -40.7664 -37.0174
-40.5978 -35.5467 -40.7664 -37.0174
-40.5978 -35.5467 -40.7664 -37.0174
-40.5978 -35.5467 -40.7664 -37.0174
-40.5978 -35.5467 -40.7664 -37.0174
-40.5978 -35.5467 -40.7664 -37.0174
-40.5978 -35.5467 -40.7664 -37.0174
-40.5978 -35.5467 -40.7664 -37.0174
-40.5978 -35.5467 -40.7664 -37.0174
-40.5978 -35.5467 -40.7664 -37.0174
-40.5978 -35.5467 -40.7664 -37.0174
-40.5978 -35.5467 -40.7664 -37.0174
-40.5978 -35.5467 -40.7664 -37.0174
-40.5978 -35.5467 -40.7664 -37.0174
-40.5978 -35.5467 -40.7664 -37.0174
-40.5978 -35.5467 -40.7664 -37.0174
-40.5978 -35.5467 -40.7664 -37.0174
-40.5978 -35.5467 -40.7664 -37.0174
-40.5978 -35.5467 -40.7664 -37.0174
-40.5978 -35.5467 -40.7664 -37.0174
-39.9575 -35.544 -40.5002 -36.4486
-39.9575 -35.544 -40.5002 -36.4486
-39.9575 -35.544 -40.5002 -36.4486
-39.9575 -35.544 -40.5002 -36.4486
-39.9575 -35.544 -40.5002 -36.4486
-39.9575 -35.544 -40.5002 -36.4486
-39.9575 -35.544 -40.5002 -36.4486
-39.9575 -35.544 -40.5002 -36.4486
-39.9575 -35.544 -40.5002 -36.4486
-39.9575 -35.544 -40.5002 -36.4486
-39.9575 -35.544 -40.5002 -36.4486
-39.9575 -35.544 -40.5002 -36.4486
-39.9575 -35.544 -40.5002 -36.4486
-39.9575 -35.544 -40.5002 -36.4486
-39.9575 -35.544 -40.5002 -36.4486
-39.9575 -35.544 -40.5002 -36.4486
-39.9575 -35.544 -40.5002 -36.4486
-39.9575 -35.544 -40.5002 -36.4486
-39.9575 -35.544 -40.5002 -36.4486
-39.9575 -35.544 -40.5002 -36.4486
-39.5132 -35.7252 -41.4139 -36.4761
-39.5132 -35.7252 -41.4139 -36.4761
-39.5132 -35.7252 -41.4139 -36.4761
-39.5132 -35.7252 -41.4139 -36.4761
-39.5132 -35.7252 -41.4139 -36.4761
-39.5132 -35.7252 -41.4139 -36.4761
-39.5132 -35.7252 -41.4139 -36.4761
-39.5132 -35.7252 -41.4139 -36.4761
-39.5132 -35.7252 -41.4139 -36.4761
-39.5132 -35.7252 -41.4139 -36.4761
-39.5132 -35.7252 -41.4139 -36.4761
-39.5132 -35.7252 -41.4139 -36.4761
-39.5132 -35.7252 -41.4139 -36.4761
-39.5132 -35.7252 -41.4139 -36.4761
-39.5132 -35.7252 -41.4139 -36.4761
-39.5132 -35.7252 -41.4139 -36.4761
-39.5132 -35.7252 -41.4139 -36.4761
-39.5132 -35.7252 -41.4139 -36.4761
-39.5132 -35.7252 -41.4139 -36.4761
-39.5132 -35.7252 -41.4139 -36.4761
-40.4368 -36.0154 -40.6299 -36.4494
-40.4368 -36.0154 -40.6299 -36.4494
-40.4368 -36.0154 -40.6299 -36.4494
-40.4368 -36.0154 -40.6299 -36.4494
-40.4368 -36.0154 -40.6299 -36.4494
-40.4368 -36.0154 -40.6299 -36.4494
-40.4368 -36.0154 -40.6299 -36.4494
-40.4368 -36.0154 -40.6299 -36.4494
-40.4368 -36.0154 -40.6299 -36.4494
-40.4368 -36.0154 -40.6299 -36.4494
-40.4368 -36.0154 -40.6299 -36.4494
-40.4368 -36.0154 -40.6299 -36.4494
-40.4368 -36.0154 -40.6299 -36.4494
-40.4368 -36.0154 -40.6299 -36.4494
-40.4368 -36.0154 -40.6299 -36.4494
-40.4368 -36.0154 -40.6299 -36.4494
-40.4368 -36.0154 -40.6299 -36.4494
-40.4368 -36.0154 -40.6299 -36.4494
-40.4368 -36.0154 -40.6299 -36.4494
-40.4368 -36.0154 -40.6299 -36.4494
-40.3099 -35.6205 -41.2331 -36.3098
-40.3099 -35.6205 -41.2331 -36.3098
-40.3099 -35.6205 -41.2331 -36.3098
-40.3099 -35.6205 -41.2331 -36.3098
-40.3099 -35.6205 -41.2331 -36.3098
-40.3099 -35.6205 -41.2331 -36.3098
-40.3099 -35.6205 -41.2331 -36.3098
-40.3099 -35.6205 -41.2331 -36.3098
-40.3099 -35.6205 -41.2331 -36.3098
-40.3099 -35.6205 -41.2331 -36.3098
-40.3099 -35.6205 -41.2331 -36.3098
-40.3099 -35.6205 -41.2331 -36.3098
-40.3099 -35.6205 -41.2331 -36.3098
-40.3099 -35.6205 -41.2331 -36.3098
-40.3099 -35.6205 -41.2331 -36.3098
-40.3099 -35.6205 -41.2331 -36.3098
-40.3099 -35.6205 -41.2331 -36.3098
-40.3099 -35.6205 -41.2331 -36.3098
-40.3099 -35.6205 -41.2331 -36.3098
-40.3099 -35.6205 -41.2331 -36.3098
-40.465 -35.7472 -41.2947 -36.7494
-40.465 -35.7472 -41.2947 -36.7494
-40.465 -35.7472 -41.2947 -36.7494
-40.465 -35.7472 -41.2947 -36.7494
-40.465 -35.7472 -41.2947 -36.7494
-40.465 -35.7472 -41.2947 -36.7494
-40.465 -35.7472 -41.2947 -36.7494
-40.465 -35.7472 -41.2947 -36.7494
-40.465 -35.7472 -41.2947 -36.7494
-40.465 -35.7472 -41.2947 -36.7494
-40.465 -35.7472 -41.2947 -36.7494
-40.465 -35.7472 -41.2947 -36.7494
-40.465 -35.7472 -41.2947 -36.7494
-40.465 -35.7472 -41.2947 -36.7494
-40.465 -35.7472 -41.2947 -36.7494
-40.465 -35.7472 -41.2947 -36.7494
-40.465 -35.7472 -41.2947 -36.7494
-40.465 -35.7472 -41.2947 -36.7494
-40.465 -35.7472 -41.2947 -36.7494
-40.465 -35.7472 -41.2947 -36.7494
-39.7372 -35.4838 -40.9676 -36.6066
-39.7372 -35.4838 -40.9676 -36.6066
-39.7372 -35.4838 -40.9676 -36.6066
-39.7372 -35.4838 -40.9676 -36.6066
-39.7372 -35.4838 -40.9676 -36.6066
-39.7372 -35.4838 -40.9676 -36.6066
-39.7372 -35.4838 -40.9676 -36.6066
-39.7372 -35.4838 -40.9676 -36.6066
-39.7372 -35.4838 -40.9676 -36.6066
-39.7372 -35.4838 -40.9676 -36.6066
-39.7372 -35.4838 -40.9676 -36.6066
-39.7372 -35.4838 -40.9676 -36.6066
-39.7372 -35.4838 -40.9676 -36.6066
-39.7372 -35.4838 -40.9676 -36.6066
-39.7372 -35.4838 -40.9676 -36.6066
-39.7372 -35.4838 -40.9676 -36.6066
-39.7372 -35.4838 -40.9676 -36.6066
-39.7372 -35.4838 -40.9676 -36.6066
-39.7372 -35.4838 -40.9676 -36.6066
-39.7372 -35.4838 -40.9676 -36.6066
-40.3019 -35.7498 -41.3596 -36.357
-40.3019 -35.7498 -41.3596 -36.357
-40.3019 -35.7498 -41.3596 -36.357
-40.3019 -35.7498 -41.3596 -36.357
-40.3019 -35.7498 -41.3596 -36.357
-40.3019 -35.7498 -41.3596 -36.357
-40.3019 -35.7498 -41.3596 -36.357
-40.3019 -35.7498 -41.3596 -36.357
-40.3019 -35.7498 -41.3596 -36.357
-40.3019 -35.7498 -41.3596 -36.357
-40.3019 -35.7498 -41.3596 -36.357
-40.3019 -35.7498 -41.3596 -36.357
-40.3019 -35.7498 -41.3596 -36.357
-40.3019 -35.7498 -41.3596 -36.357
-40.3019 -35.7498 -41.3596 -36.357
-40.3019 -35.7498 -41.3596 -36.357
-40.3019 -35.7498 -41.3596 -36.357
-40.3019 -35.7498 -41.3596 -36.357
-40.3019 -35.7498 -41.3596 -36.357
-40.3019 -35.7498 -41.3596 -36.357
-40.1015 -35.8827 -41.2881 -36.9338
-40.1015 -35.8827 -41.2881 -36.9338
-40.1015 -35.8827 -41.2881 -36.9338
-40.1015 -35.8827 -41.2881 -36.9338
-40.1015 -35.8827 -41.2881 -36.9338
-40.1015 -35.8827 -41.2881 -36.9338
-40.1015 -35.8827 -41.2881 -36.9338
-40.1015 -35.8827 -41.2881 -36.9338
-40.1015 -35.8827 -41.2881 -36.9338
-40.1015 -35.8827 -41.2881 -36.9338
-40.1015 -35.8827 -41.2881 -36.9338
-40.1015 -35.8827 -41.2881 -36.9338
-40.1015 -35.8827 -41.2881 -36.9338
-40.1015 -35.8827 -41.2881 -36.9338
-40.1015 -35.8827 -41.2881 -36.9338
-40.1015 -35.8827 -41.2881 -36.9338
-40.1015 -35.8827 -41.2881 -36.9338
-40.1015 -35.8827 -41.2881 -36.9338
-40.1015 -35.8827 -41.2881 -36.9338
-40.1015 -35.8827 -41.2881 -36.9338
-40.4167 -35.4319 -41.1994 -36.5078
-40.4167 -35.4319 -41.1994 -36.5078
-40.4167 -35.4319 -41.1994 -36.5078
-40.4167 -35.4319 -41.1994 -36.5078
-40.4167 -35.4319 -41.1994 -36.5078
-40.4167 -35.4319 -41.1994 -36.5078
-40.4167 -35.4319 -41.1994 -36.5078
-40.4167 -35.4319 -41.1994 -36.5078
-40.4167 -35.4319 -41.1994 -36.5078
-40.4167 -35.4319 -41.1994 -36.5078
-40.4167 -35.4319 -41.1994 -36.5078
-40.4167 -35.4319 -41.1994 -36.5078
-40.4167 -35.4319 -41.1994 -36.5078
-40.4167 -35.4319 -41.1994 -36.5078
-40.4167 -35.4319 -41.1994 -36.5078
-40.4167 -35.4319 -41.1994 -36.5078
-40.4167 -35.4319 -41.1994 -36.5078
-40.4167 -35.4319 -41.1994 -36.5078
-40.4167 -35.4319 -41.1994 -36.5078
-40.4167 -35.4319 -41.1994 -36.5078
-39.5712 -35.8096 -42.0457 -36.631
-39.5712 -35.8096 -42.0457 -36.631
-39.5712 -35.8096 -42.0457 -36.631
-39.5712 -35.8096 -42.0457 -36.631
-39.5712 -35.8096 -42.0457 -36.631
-39.5712 -35.8096 -42.0457 -36.631
-39.5712 -35.8096 -42.0457 -36.631
-39.5712 -35.8096 -42.0457 -36.631
-39.5712 -35.8096 -42.0457 -36.631
-39.5712 -35.8096 -42.0457 -36.631
-39.5712 -35.8096 -42.0457 -36.631
-39.5712 -35.8096 -42.0457 -36.631
-39.5712 -35.8096 -42.0457 -36.631
-39.5712 -35.8096 -42.0457 -36.631
-39.5712 -35.8096 -42.0457 -36.631
-39.5712 -35.8096 -42.0457 -36.631
-39.5712 -35.8096 -42.0457 -36.631
-39.5712 -35.8096 -42.0457 -36.631
-39.5712 -35.8096 -42.0457 -36.631
-39.5712 -35.8096 -42.0457 -36.631
-41.9575 -35.7286 -41.3592 -36.9586
-41.9575 -35.7286 -41.3592 -36.9586
-41.9575 -35.7286 -41.3592 -36.9586
-41.9575 -35.7286 -41.3592 -36.9586
-41.9575 -35.7286 -41.3592 -36.9586
-41.9575 -35.7286 -41.3592 -36.9586
-41.9575 -35.7286 -41.3592 -36.9586
-41.9575 -35.7286 -41.3592 -36.9586
-41.9575 -35.7286 -41.3592 -36.9586
-41.9575 -35.7286 -41.3592 -36.9586
-41.9575 -35.7286 -41.3592 -36.9586
-41.9575 -35.7286 -41.3592 -36.9586
-41.9575 -35.7286 -41.3592 -36.9586
-41.9575 -35.7286 -41.3592 -36.9586
-41.9575 -35.7286 -41.3592 -36.9586
-41.9575 -35.7286 -41.3592 -36.9586
-41.9575 -35.7286 -41.3592 -36.9586
-41.9575 -35.7286 -41.3592 -36.9586
-41.9575 -35.7286 -41.3592 -36.9586
-41.9575 -35.7286 -41.3592 -36.9586
-39.6304 -35.8432 -40.6973 -36.5748
-39.6304 -35.8432 -40.6973 -36.5748
-39.6304 -35.8432 -40.6973 -36.5748
-39.6304 -35.8432 -40.6973 -36.5748
-39.6304 -35.8432 -40.6973 -36.5748
-39.6304 -35.8432 -40.6973 -36.5748
-39.6304 -35.8432 -40.6973 -36.5748
-39.6304 -35.8432 -40.6973 -36.5748
-39.6304 -35.8432 -40.6973 -36.5748
-39.6304 -35.8432 -40.6973 -36.5748
-39.6304 -35.8432 -40.6973 -36.5748
-39.6304 -35.8432 -40.6973 -36.5748
-39.6304 -35.8432 -40.6973 -36.5748
-39.6304 -35.8432 -40.6973 -36.5748
-39.6304 -35.8432 -40.6973 -36.5748
-39.6304 -35.8432 -40.6973 -36.5748
-39.6304 -35.8432 -40.6973 -36.5748
-39.6304 -35.8432 -40.6973 -36.5748
-39.6304 -35.8432 -40.6973 -36.5748
-39.6304 -35.8432 -40.6973 -36.5748
-39.2199 -35.6193 -39.9593 -35.9875
-39.2199 -35.6193 -39.9593 -35.9875
-39.2199 -35.6193 -39.9593 -35.9875
-39.2199 -35.6193 -39.9593 -35.9875
-39.2199 -35.6193 -39.9593 -35.9875
-39.2199 -35.6193 -39.9593 -35.9875
-39.2199 -35.6193 -39.9593 -35.9875
-39.2199 -35.6193 -39.9593 -35.9875
-39.2199 -35.6193 -39.9593 -35.9875
-39.2199 -35.6193 -39.9593 -35.9875
-39.2199 -35.6193 -39.9593 -35.9875
-39.2199 -35.6193 -39.9593 -35.9875
