0 0 0 0
0 0 0 0
0 0 0 0
0 0 0 0
0 0 0 0
0 0 0 0
0 0 0 0
0 0 0 0
0 0 0 0
0 0 0 0
0 0 0 0
0 0 0 0
-31.5229 -30.4388 -35.2726 -34.282
-31.5229 -30.4388 -35.2726 -34.282
-31.5229 -30.4388 -35.2726 -34.282
-31.5229 -30.4388 -35.2726 -34.282
-31.5229 -30.4388 -35.2726 -34.282
-31.5229 -30.4388 -35.2726 -34.282
-31.5229 -30.4388 -35.2726 -34.282
-31.5229 -30.4388 -35.2726 -34.282
-31.5229 -30.4388 -35.2726 -34.282
-31.5229 -30.4388 -35.2726 -34.282
-31.5229 -30.4388 -35.2726 -34.282
-31.5229 -30.4388 -35.2726 -34.282
-31.5229 -30.4388 -35.2726 -34.282
-31.5229 -30.4388 -35.2726 -34.282
-31.5229 -30.4388 -35.2726 -34.282
-31.5229 -30.4388 -35.2726 -34.282
-31.5229 -30.4388 -35.2726 -34.282
-31.5229 -30.4388 -35.2726 -34.282
-31.5229 -30.4388 -35.2726 -34.282
-31.5229 -30.4388 -35.2726 -34.282
-31.8001 -29.873 -35.8561 -34.1023
-31.8001 -29.873 -35.8561 -34.1023
-31.8001 -29.873 -35.8561 -34.1023
-31.8001 -29.873 -35.8561 -34.1023
-31.8001 -29.873 -35.8561 -34.1023
-31.8001 -29.873 -35.8561 -34.1023
-31.8001 -29.873 -35.8561 -34.1023
-31.8001 -29.873 -35.8561 -34.1023
-31.8001 -29.873 -35.8561 -34.1023
-31.8001 -29.873 -35.8561 -34.1023
-31.8001 -29.873 -35.8561 -34.1023
-31.8001 -29.873 -35.8561 -34.1023
-31.8001 -29.873 -35.8561 -34.1023
-31.8001 -29.873 -35.8561 -34.1023
-31.8001 -29.873 -35.8561 -34.1023
-31.8001 -29.873 -35.8561 -34.1023
-31.8001 -29.873 -35.8561 -34.1023
-31.8001 -29.873 -35.8561 -34.1023
-31.8001 -29.873 -35.8561 -34.1023
-31.8001 -29.873 -35.8561 -34.1023
-31.8001 -29.873 -35.8561 -34.1023
-31.8001 -29.873 -35.8561 -34.1023
-31.8001 -29.873 -35.8561 -34.1023
-31.8001 -29.873 -35.8561 -34.1023
-31.0568 -29.616 -34.5658 -34.3441
-31.0568 -29.616 -34.5658 -34.3441
-31.0568 -29.616 -34.5658 -34.3441
-31.0568 -29.616 -34.5658 -34.3441
-31.0568 -29.616 -34.5658 -34.3441
-31.0568 -29.616 -34.5658 -34.3441
-31.0568 -29.616 -34.5658 -34.3441
-31.0568 -29.616 -34.5658 -34.3441
-31.0568 -29.616 -34.5658 -34.3441
-31.0568 -29.616 -34.5658 -34.3441
-31.0568 -29.616 -34.5658 -34.3441
-31.0568 -29.616 -34.5658 -34.3441
-31.0568 -29.616 -34.5658 -34.3441
-31.0568 -29.616 -34.5658 -34.3441
-31.0568 -29.616 -34.5658 -34.3441
-31.0568 -29.616 -34.5658 -34.3441
-30.8904 -29.8236 -35.7459 -34.8833
-30.8904 -29.8236 -35.7459 -34.8833
-30.8904 -29.8236 -35.7459 -34.8833
-30.8904 -29.8236 -35.7459 -34.8833
-30.8904 -29.8236 -35.7459 -34.8833
-30.8904 -29.8236 -35.7459 -34.8833
-30.8904 -29.8236 -35.7459 -34.8833
-30.8904 -29.8236 -35.7459 -34.8833
-30.8904 -29.8236 -35.7459 -34.8833
-30.8904 -29.8236 -35.7459 -34.8833
-30.8904 -29.8236 -35.7459 -34.8833
-30.8904 -29.8236 -35.7459 -34.8833
-30.8904 -29.8236 -35.7459 -34.8833
-30.8904 -29.8236 -35.7459 -34.8833
-30.8904 -29.8236 -35.7459 -34.8833
-30.8904 -29.8236 -35.7459 -34.8833
-30.8904 -29.8236 -35.7459 -34.8833
-30.8904 -29.8236 -35.7459 -34.8833
-30.8904 -29.8236 -35.7459 -34.8833
-30.8904 -29.8236 -35.7459 -34.8833
-31.0615 -29.8141 -34.864 -34.3445
-31.0615 -29.8141 -34.864 -34.3445
-31.0615 -29.8141 -34.864 -34.3445
-31.0615 -29.8141 -34.864 -34.3445
-31.0615 -29.8141 -34.864 -34.3445
-31.0615 -29.8141 -34.864 -34.3445
-31.0615 -29.8141 -34.864 -34.3445
-31.0615 -29.8141 -34.864 -34.3445
-31.0615 -29.8141 -34.864 -34.3445
-31.0615 -29.8141 -34.864 -34.3445
-31.0615 -29.8141 -34.864 -34.3445
-31.0615 -29.8141 -34.864 -34.3445
-31.0615 -29.8141 -34.864 -34.3445
-31.0615 -29.8141 -34.864 -34.3445
-31.0615 -29.8141 -34.864 -34.3445
-31.0615 -29.8141 -34.864 -34.3445
-31.0615 -29.8141 -34.864 -34.3445
-31.0615 -29.8141 -34.864 -34.3445
-31.0615 -29.8141 -34.864 -34.3445
-31.0615 -29.8141 -34.864 -34.3445
-31.0615 -29.8141 -34.864 -34.3445
-30.8842 -30.081 -35.1057 -34.6065
-30.8842 -30.081 -35.1057 -34.6065
-30.8842 -30.081 -35.1057 -34.6065
-30.8842 -30.081 -35.1057 -34.6065
-30.8842 -30.081 -35.1057 -34.6065
-30.8842 -30.081 -35.1057 -34.6065
-30.8842 -30.081 -35.1057 -34.6065
-30.8842 -30.081 -35.1057 -34.6065
-30.8842 -30.081 -35.1057 -34.6065
-30.8842 -30.081 -35.1057 -34.6065
-30.8842 -30.081 -35.1057 -34.6065
-30.8842 -30.081 -35.1057 -34.6065
-30.8842 -30.081 -35.1057 -34.6065
-30.8842 -30.081 -35.1057 -34.6065
-30.8842 -30.081 -35.1057 -34.6065
-30.8842 -30.081 -35.1057 -34.6065
-30.8842 -30.081 -35.1057 -34.6065
-30.8842 -30.081 -35.1057 -34.6065
-30.8842 -30.081 -35.1057 -34.6065
-29.8517 -29.9089 -35.7462 -34.2947
-29.8517 -29.9089 -35.7462 -34.2947
-29.8517 -29.9089 -35.7462 -34.2947
-29.8517 -29.9089 -35.7462 -34.2947
-29.8517 -29.9089 -35.7462 -34.2947
-29.8517 -29.9089 -35.7462 -34.2947
-29.8517 -29.9089 -35.7462 -34.2947
-29.8517 -29.9089 -35.7462 -34.2947
-29.8517 -29.9089 -35.7462 -34.2947
-29.8517 -29.9089 -35.7462 -34.2947
-29.8517 -29.9089 -35.7462 -34.2947
-29.8517 -29.9089 -35.7462 -34.2947
-29.8517 -29.9089 -35.7462 -34.2947
-29.8517 -29.9089 -35.7462 -34.2947
-29.8517 -29.9089 -35.7462 -34.2947
-29.8517 -29.9089 -35.7462 -34.2947
-29.8517 -29.9089 -35.7462 -34.2947
-29.8517 -29.9089 -35.7462 -34.2947
-29.8517 -29.9089 -35.7462 -34.2947
-29.8517 -29.9089 -35.7462 -34.2947
-31.1847 -29.7026 -35.918 -33.4534
-31.1847 -29.7026 -35.918 -33.4534
-31.1847 -29.7026 -35.918 -33.4534
-31.1847 -29.7026 -35.918 -33.4534
-31.1847 -29.7026 -35.918 -33.4534
-31.1847 -29.7026 -35.918 -33.4534
-31.1847 -29.7026 -35.918 -33.4534
-31.1847 -29.7026 -35.918 -33.4534
-31.1847 -29.7026 -35.918 -33.4534
-31.1847 -29.7026 -35.918 -33.4534
-31.1847 -29.7026 -35.918 -33.4534
-31.1847 -29.7026 -35.918 -33.4534
-31.1847 -29.7026 -35.918 -33.4534
-31.1847 -29.7026 -35.918 -33.4534
-31.1847 -29.7026 -35.918 -33.4534
-31.1847 -29.7026 -35.918 -33.4534
-31.1847 -29.7026 -35.918 -33.4534
-31.1847 -29.7026 -35.918 -33.4534
-31.1847 -29.7026 -35.918 -33.4534
-31.1847 -29.7026 -35.918 -33.4534
-29.7618 -29.347 -36.1407 -34.889
-29.7618 -29.347 -36.1407 -34.889
-29.7618 -29.347 -36.1407 -34.889
-29.7618 -29.347 -36.1407 -34.889
-29.7618 -29.347 -36.1407 -34.889
-29.7618 -29.347 -36.1407 -34.889
-29.7618 -29.347 -36.1407 -34.889
-29.7618 -29.347 -36.1407 -34.889
-29.7618 -29.347 -36.1407 -34.889
-29.7618 -29.347 -36.1407 -34.889
-29.7618 -29.347 -36.1407 -34.889
-29.7618 -29.347 -36.1407 -34.889
-29.7618 -29.347 -36.1407 -34.889
-29.7618 -29.347 -36.1407 -34.889
-29.7618 -29.347 -36.1407 -34.889
-29.7618 -29.347 -36.1407 -34.889
-29.7618 -29.347 -36.1407 -34.889
-29.7618 -29.347 -36.1407 -34.889
-29.7618 -29.347 -36.1407 -34.889
-29.7618 -29.347 -36.1407 -34.889
-31.0529 -29.8698 -36.0401 -34.2646
-31.0529 -29.8698 -36.0401 -34.2646
-31.0529 -29.8698 -36.0401 -34.2646
-31.0529 -29.8698 -36.0401 -34.2646
-31.0529 -29.8698 -36.0401 -34.2646
-31.0529 -29.8698 -36.0401 -34.2646
-31.0529 -29.8698 -36.0401 -34.2646
-31.0529 -29.8698 -36.0401 -34.2646
-31.0529 -29.8698 -36.0401 -34.2646
-31.0529 -29.8698 -36.0401 -34.2646
-31.0529 -29.8698 -36.0401 -34.2646
-31.0529 -29.8698 -36.0401 -34.2646
-31.0529 -29.8698 -36.0401 -34.2646
-31.0529 -29.8698 -36.0401 -34.2646
-31.0529 -29.8698 -36.0401 -34.2646
-31.0529 -29.8698 -36.0401 -34.2646
-31.0529 -29.8698 -36.0401 -34.2646
-31.0529 -29.8698 -36.0401 -34.2646
-31.0529 -29.8698 -36.0401 -34.2646
-31.0529 -29.8698 -36.0401 -34.2646
-30.8818 -29.8246 -36.3418 -33.8543
-30.8818 -29.8246 -36.3418 -33.8543
-30.8818 -29.8246 -36.3418 -33.8543
-30.8818 -29.8246 -36.3418 -33.8543
-30.8818 -29.8246 -36.3418 -33.8543
-30.8818 -29.8246 -36.3418 -33.8543
-30.8818 -29.8246 -36.3418 -33.8543
-30.8818 -29.8246 -36.3418 -33.8543
-30.8818 -29.8246 -36.3418 -33.8543
-30.8818 -29.8246 -36.3418 -33.8543
-30.8818 -29.8246 -36.3418 -33.8543
-30.8818 -29.8246 -36.3418 -33.8543
-30.8818 -29.8246 -36.3418 -33.8543
-30.8818 -29.8246 -36.3418 -33.8543
-30.8818 -29.8246 -36.3418 -33.8543
-30.8818 -29.8246 -36.3418 -33.8543
-30.8818 -29.8246 -36.3418 -33.8543
-30.8818 -29.8246 -36.3418 -33.8543
-30.8818 -29.8246 -36.3418 -33.8543
-30.8818 -29.8246 -36.3418 -33.8543
-30.1137 -29.0756 -36.3211 -33.72
-30.1137 -29.0756 -36.3211 -33.72
-30.1137 -29.0756 -36.3211 -33.72
-30.1137 -29.0756 -36.3211 -33.72
-30.1137 -29.0756 -36.3211 -33.72
-30.1137 -29.0756 -36.3211 -33.72
-30.1137 -29.0756 -36.3211 -33.72
-30.1137 -29.0756 -36.3211 -33.72
-30.1137 -29.0756 -36.3211 -33.72
-30.1137 -29.0756 -36.3211 -33.72
-30.1137 -29.0756 -36.3211 -33.72
-30.1137 -29.0756 -36.3211 -33.72
-30.1137 -29.0756 -36.3211 -33.72
-30.1137 -29.0756 -36.3211 -33.72
-30.1137 -29.0756 -36.3211 -33.72
-30.1137 -29.0756 -36.3211 -33.72
-30.1137 -29.0756 -36.3211 -33.72
-30.1137 -29.0756 -36.3211 -33.72
-30.1137 -29.0756 -36.3211 -33.72
-30.1137 -29.0756 -36.3211 -33.72
-30.779 -29.9344 -36.0599 -33.9029
-30.779 -29.9344 -36.0599 -33.9029
-30.779 -29.9344 -36.0599 -33.9029
-30.779 -29.9344 -36.0599 -33.9029
-30.779 -29.9344 -36.0599 -33.9029
-30.779 -29.9344 -36.0599 -33.9029
-30.779 -29.9344 -36.0599 -33.9029
-30.779 -29.9344 -36.0599 -33.9029
-30.779 -29.9344 -36.0599 -33.9029
-30.779 -29.9344 -36.0599 -33.9029
-30.779 -29.9344 -36.0599 -33.9029
-30.779 -29.9344 -36.0599 -33.9029
-30.779 -29.9344 -36.0599 -33.9029
-30.779 -29.9344 -36.0599 -33.9029
-30.779 -29.9344 -36.0599 -33.9029
-30.779 -29.9344 -36.0599 -33.9029
-30.779 -29.9344 -36.0599 -33.9029
-30.779 -29.9344 -36.0599 -33.9029
-30.779 -29.9344 -36.0599 -33.9029
-30.779 -29.9344 -36.0599 -33.9029
-30.9665 -30.876 -35.9605 -34.6835
-30.9665 -30.876 -35.9605 -34.6835
-30.9665 -30.876 -35.9605 -34.6835
-30.9665 -30.876 -35.9605 -34.6835
-30.9665 -30.876 -35.9605 -34.6835
-30.9665 -30.876 -35.9605 -34.6835
-30.9665 -30.876 -35.9605 -34.6835
-30.9665 -30.876 -35.9605 -34.6835
-30.9665 -30.876 -35.9605 -34.6835
-30.9665 -30.876 -35.9605 -34.6835
-30.9665 -30.876 -35.9605 -34.6835
-30.9665 -30.876 -35.9605 -34.6835
-30.9665 -30.876 -35.9605 -34.6835
-30.9665 -30.876 -35.9605 -34.6835
-30.9665 -30.876 -35.9605 -34.6835
-30.9665 -30.876 -35.9605 -34.6835
-30.9665 -30.876 -35.9605 -34.6835
-30.9665 -30.876 -35.9605 -34.6835
-30.9665 -30.876 -35.9605 -34.6835
-30.9665 -30.876 -35.9605 -34.6835
-32.2713 -29.4945 -36.3369 -34.3965
-32.2713 -29.4945 -36.3369 -34.3965
-32.2713 -29.4945 -36.3369 -34.3965
-32.2713 -29.4945 -36.3369 -34.3965
-32.2713 -29.4945 -36.3369 -34.3965
-32.2713 -29.4945 -36.3369 -34.3965
-32.2713 -29.4945 -36.3369 -34.3965
-32.2713 -29.4945 -36.3369 -34.3965
-32.2713 -29.4945 -36.3369 -34.3965
-32.2713 -29.4945 -36.3369 -34.3965
-32.2713 -29.4945 -36.3369 -34.3965
-32.2713 -29.4945 -36.3369 -34.3965
-32.2713 -29.4945 -36.3369 -34.3965
-32.2713 -29.4945 -36.3369 -34.3965
-32.2713 -29.4945 -36.3369 -34.3965
-32.2713 -29.4945 -36.3369 -34.3965
-32.2713 -29.4945 -36.3369 -34.3965
-32.2713 -29.4945 -36.3369 -34.3965
-32.2713 -29.4945 -36.3369 -34.3965
-32.2713 -29.4945 -36.3369 -34.3965
-30.9055 -29.7098 -35.26 -34.2779
-30.9055 -29.7098 -35.26 -34.2779
-30.9055 -29.7098 -35.26 -34.2779
-30.9055 -29.7098 -35.26 -34.2779
-30.9055 -29.7098 -35.26 -34.2779
-30.9055 -29.7098 -35.26 -34.2779
-30.9055 -29.7098 -35.26 -34.2779
-30.9055 -29.7098 -35.26 -34.2779
-30.9055 -29.7098 -35.26 -34.2779
-30.9055 -29.7098 -35.26 -34.2779
-30.9055 -29.7098 -35.26 -34.2779
-30.9055 -29.7098 -35.26 -34.2779
-30.9055 -29.7098 -35.26 -34.2779
-30.9055 -29.7098 -35.26 -34.2779
-30.9055 -29.7098 -35.26 -34.2779
-30.9055 -29.7098 -35.26 -34.2779
-30.9055 -29.7098 -35.26 -34.2779
-30.9055 -29.7098 -35.26 -34.2779
-30.9055 -29.7098 -35.26 -34.2779
-30.9055 -29.7098 -35.26 -34.2779
-30.6618 -29.8348 -35.2266 -34.7903
-30.6618 -29.8348 -35.2266 -34.7903
-30.6618 -29.8348 -35.2266 -34.7903
-30.6618 -29.8348 -35.2266 -34.7903
-30.6618 -29.8348 -35.2266 -34.7903
-30.6618 -29.8348 -35.2266 -34.7903
-30.6618 -29.8348 -35.2266 -34.7903
-30.6618 -29.8348 -35.2266 -34.7903
-30.6618 -29.8348 -35.2266 -34.7903
-30.6618 -29.8348 -35.2266 -34.7903
-30.6618 -29.8348 -35.2266 -34.7903
-30.6618 -29.8348 -35.2266 -34.7903
-30.6618 -29.8348 -35.2266 -34.7903
-30.6618 -29.8348 -35.2266 -34.7903
-30.6618 -29.8348 -35.2266 -34.7903
-30.6618 -29.8348 -35.2266 -34.7903
-30.6618 -29.8348 -35.2266 -34.7903
-30.6618 -29.8348 -35.2266 -34.7903
-30.6618 -29.8348 -35.2266 -34.7903
-30.6618 -29.8348 -35.2266 -34.7903
-31.3382 -29.5753 -35.4488 -34.4061
-31.3382 -29.5753 -35.4488 -34.4061
-31.3382 -29.5753 -35.4488 -34.4061
-31.3382 -29.5753 -35.4488 -34.4061
-31.3382 -29.5753 -35.4488 -34.4061
-31.3382 -29.5753 -35.4488 -34.4061
-31.3382 -29.5753 -35.4488 -34.4061
-31.3382 -29.5753 -35.4488 -34.4061
-31.3382 -29.5753 -35.4488 -34.4061
-31.3382 -29.5753 -35.4488 -34.4061
-31.3382 -29.5753 -35.4488 -34.4061
-31.3382 -29.5753 -35.4488 -34.4061
-31.3382 -29.5753 -35.4488 -34.4061
-31.3382 -29.5753 -35.4488 -34.4061
-31.3382 -29.5753 -35.4488 -34.4061
-31.3382 -29.5753 -35.4488 -34.4061
-31.3382 -29.5753 -35.4488 -34.4061
-31.3382 -29.5753 -35.4488 -34.4061
-31.3382 -29.5753 -35.4488 -34.4061
-31.3382 -29.5753 -35.4488 -34.4061
-31.8317 -29.4988 -36.7098 -34.048
-31.8317 -29.4988 -36.7098 -34.048
-31.8317 -29.4988 -36.7098 -34.048
-31.8317 -29.4988 -36.7098 -34.048
-31.8317 -29.4988 -36.7098 -34.048
-31.8317 -29.4988 -36.7098 -34.048
-31.8317 -29.4988 -36.7098 -34.048
-31.8317 -29.4988 -36.7098 -34.048
-31.8317 -29.4988 -36.7098 -34.048
-31.8317 -29.4988 -36.7098 -34.048
-31.8317 -29.4988 -36.7098 -34.048
-31.8317 -29.4988 -36.7098 -34.048
-31.8317 -29.4988 -36.7098 -34.048
-31.8317 -29.4988 -36.7098 -34.048
-31.8317 -29.4988 -36.7098 -34.048
-31.8317 -29.4988 -36.7098 -34.048
-31.8317 -29.4988 -36.7098 -34.048
-31.8317 -29.4988 -36.7098 -34.048
-31.8317 -29.4988 -36.7098 -34.048
-31.8317 -29.4988 -36.7098 -34.048
-30.8612 -30.0683 -35.2884 -34.474
-30.8612 -30.0683 -35.2884 -34.474
-30.8612 -30.0683 -35.2884 -34.474
-30.8612 -30.0683 -35.2884 -34.474
-30.8612 -30.0683 -35.2884 -34.474
-30.8612 -30.0683 -35.2884 -34.474
-30.8612 -30.0683 -35.2884 -34.474
-30.8612 -30.0683 -35.2884 -34.474
-30.8612 -30.0683 -35.2884 -34.474
-30.8612 -30.0683 -35.2884 -34.474
-30.8612 -30.0683 -35.2884 -34.474
-30.8612 -30.0683 -35.2884 -34.474
-30.8612 -30.0683 -35.2884 -34.474
-30.8612 -30.0683 -35.2884 -34.474
-30.8612 -30.0683 -35.2884 -34.474
-30.8612 -30.0683 -35.2884 -34.474
-30.8612 -30.0683 -35.2884 -34.474
-30.8612 -30.0683 -35.2884 -34.474
-30.8612 -30.0683 -35.2884 -34.474
-30.8612 -30.0683 -35.2884 -34.474
-31.368 -30.1169 -34.6544 -34.3957
-31.368 -30.1169 -34.6544 -34.3957
-31.368 -30.1169 -34.6544 -34.3957
-31.368 -30.1169 -34.6544 -34.3957
-31.368 -30.1169 -34.6544 -34.3957
-31.368 -30.1169 -34.6544 -34.3957
-31.368 -30.1169 -34.6544 -34.3957
-31.368 -30.1169 -34.6544 -34.3957
-31.368 -30.1169 -34.6544 -34.3957
-31.368 -30.1169 -34.6544 -34.3957
-31.368 -30.1169 -34.6544 -34.3957
-31.368 -30.1169 -34.6544 -34.3957
-31.368 -30.1169 -34.6544 -34.3957
-31.368 -30.1169 -34.6544 -34.3957
-31.368 -30.1169 -34.6544 -34.3957
-31.368 -30.1169 -34.6544 -34.3957
-31.368 -30.1169 -34.6544 -34.3957
-31.368 -30.1169 -34.6544 -34.3957
-31.368 -30.1169 -34.6544 -34.3957
-31.368 -30.1169 -34.6544 -34.3957
-30.7815 -29.6799 -33.689 -34.2501
-30.7815 -29.6799 -33.689 -34.2501
-30.7815 -29.6799 -33.689 -34.2501
-30.7815 -29.6799 -33.689 -34.2501
-30.7815 -29.6799 -33.689 -34.2501
-30.7815 -29.6799 -33.689 -34.2501
-30.7815 -29.6799 -33.689 -34.2501
-30.7815 -29.6799 -33.689 -34.2501
-30.7815 -29.6799 -33.689 -34.2501
-30.7815 -29.6799 -33.689 -34.2501
-30.7815 -29.6799 -33.689 -34.2501
-30.7815 -29.6799 -33.689 -34.2501
-30.7815 -29.6799 -33.689 -34.2501
-30.7815 -29.6799 -33.689 -34.2501
-30.7815 -29.6799 -33.689 -34.2501
-30.7815 -29.6799 -33.689 -34.2501
-30.7815 -29.6799 -33.689 -34.2501
-30.7815 -29.6799 -33.689 -34.2501
-30.7815 -29.6799 -33.689 -34.2501
-30.7815 -29.6799 -33.689 -34.2501
-30.5144 -29.7419 -35.2332 -34.2805
-30.5144 -29.7419 -35.2332 -34.2805
-30.5144 -29.7419 -35.2332 -34.2805
-30.5144 -29.7419 -35.2332 -34.2805
-30.5144 -29.7419 -35.2332 -34.2805
-30.5144 -29.7419 -35.2332 -34.2805
-30.5144 -29.7419 -35.2332 -34.2805
-30.5144 -29.7419 -35.2332 -34.2805
-30.5144 -29.7419 -35.2332 -34.2805
-30.5144 -29.7419 -35.2332 -34.2805
-30.5144 -29.7419 -35.2332 -34.2805
-30.5144 -29.7419 -35.2332 -34.2805
-30.5144 -29.7419 -35.2332 -34.2805
-30.5144 -29.7419 -35.2332 -34.2805
-30.5144 -29.7419 -35.2332 -34.2805
-30.5144 -29.7419 -35.2332 -34.2805
-30.5144 -29.7419 -35.2332 -34.2805
-30.5144 -29.7419 -35.2332 -34.2805
-30.5144 -29.7419 -35.2332 -34.2805
-30.5144 -29.7419 -35.2332 -34.2805
-31.7859 -30.5407 -36.0281 -34.7704
-31.7859 -30.5407 -36.0281 -34.7704
-31.7859 -30.5407 -36.0281 -34.7704
-31.7859 -30.5407 -36.0281 -34.7704
-31.7859 -30.5407 -36.0281 -34.7704
-31.7859 -30.5407 -36.0281 -34.7704
-31.7859 -30.5407 -36.0281 -34.7704
-31.7859 -30.5407 -36.0281 -34.7704
-31.7859 -30.5407 -36.0281 -34.7704
-31.7859 -30.5407 -36.0281 -34.7704
-31.7859 -30.5407 -36.0281 -34.7704
-31.7859 -30.5407 -36.0281 -34.7704
-31.7859 -30.5407 -36.0281 -34.7704
-31.7859 -30.5407 -36.0281 -34.7704
-31.7859 -30.5407 -36.0281 -34.7704
-31.7859 -30.5407 -36.0281 -34.7704
-31.7859 -30.5407 -36.0281 -34.7704
-31.7859 -30.5407 -36.0281 -34.7704
-31.7859 -30.5407 -36.0281 -34.7704
-31.7859 -30.5407 -36.0281 -34.7704
-31.7505 -29.5576 -36.2658 -33.9799
-31.7505 -29.5576 -36.2658 -33.9799
-31.7505 -29.5576 -36.2658 -33.9799
-31.7505 -29.5576 -36.2658 -33.9799
-31.7505 -29.5576 -36.2658 -33.9799
-31.7505 -29.5576 -36.2658 -33.9799
-31.7505 -29.5576 -36.2658 -33.9799
-31.7505 -29.5576 -36.2658 -33.9799
-31.7505 -29.5576 -36.2658 -33.9799
-31.7505 -29.5576 -36.2658 -33.9799
-31.7505 -29.5576 -36.2658 -33.9799
-31.7505 -29.5576 -36.2658 -33.9799
-31.7505 -29.5576 -36.2658 -33.9799
-31.7505 -29.5576 -36.2658 -33.9799
-31.7505 -29.5576 -36.2658 -33.9799
-31.7505 -29.5576 -36.2658 -33.9799
-31.7505 -29.5576 -36.2658 -33.9799
-31.7505 -29.5576 -36.2658 -33.9799
-31.7505 -29.5576 -36.2658 -33.9799
-31.7505 -29.5576 -36.2658 -33.9799
-30.3118 -29.4682 -35.6628 -34.6653
-30.3118 -29.4682 -35.6628 -34.6653
-30.3118 -29.4682 -35.6628 -34.6653
-30.3118 -29.4682 -35.6628 -34.6653
-30.3118 -29.4682 -35.6628 -34.6653
-30.3118 -29.4682 -35.6628 -34.6653
-30.3118 -29.4682 -35.6628 -34.6653
-30.3118 -29.4682 -35.6628 -34.6653
-30.3118 -29.4682 -35.6628 -34.6653
-30.3118 -29.4682 -35.6628 -34.6653
-30.3118 -29.4682 -35.6628 -34.6653
-30.3118 -29.4682 -35.6628 -34.6653
-30.3118 -29.4682 -35.6628 -34.6653
-30.3118 -29.4682 -35.6628 -34.6653
-30.3118 -29.4682 -35.6628 -34.6653
-30.3118 -29.4682 -35.6628 -34.6653
-30.3118 -29.4682 -35.6628 -34.6653
-30.3118 -29.4682 -35.6628 -34.6653
-30.3118 -29.4682 -35.6628 -34.6653
-30.3118 -29.4682 -35.6628 -34.6653
-30.1509 -30.3085 -35.3357 -34.3028
-30.1509 -30.3085 -35.3357 -34.3028
-30.1509 -30.3085 -35.3357 -34.3028
-30.1509 -30.3085 -35.3357 -34.3028
-30.1509 -30.3085 -35.3357 -34.3028
-30.1509 -30.3085 -35.3357 -34.3028
-30.1509 -30.3085 -35.3357 -34.3028
-30.1509 -30.3085 -35.3357 -34.3028
-30.1509 -30.3085 -35.3357 -34.3028
-30.1509 -30.3085 -35.3357 -34.3028
-30.1509 -30.3085 -35.3357 -34.3028
-30.1509 -30.3085 -35.3357 -34.3028
-30.1509 -30.3085 -35.3357 -34.3028
-30.1509 -30.3085 -35.3357 -34.3028
-30.1509 -30.3085 -35.3357 -34.3028
-30.1509 -30.3085 -35.3357 -34.3028
-30.1509 -30.3085 -35.3357 -34.3028
-30.1509 -30.3085 -35.3357 -34.3028
-30.1509 -30.3085 -35.3357 -34.3028
-30.1509 -30.3085 -35.3357 -34.3028
-31.7187 -30.0384 -35.6718 -34.5518
-31.7187 -30.0384 -35.6718 -34.5518
-31.7187 -30.0384 -35.6718 -34.5518
-31.7187 -30.0384 -35.6718 -34.5518
-31.7187 -30.0384 -35.6718 -34.5518
-31.7187 -30.0384 -35.6718 -34.5518
-31.7187 -30.0384 -35.6718 -34.5518
-31.7187 -30.0384 -35.6718 -34.5518
-31.7187 -30.0384 -35.6718 -34.5518
-31.7187 -30.0384 -35.6718 -34.5518
-31.7187 -30.0384 -35.6718 -34.5518
-31.7187 -30.0384 -35.6718 -34.5518
-31.7187 -30.0384 -35.6718 -34.5518
-31.7187 -30.0384 -35.6718 -34.5518
-31.7187 -30.0384 -35.6718 -34.5518
-31.7187 -30.0384 -35.6718 -34.5518
-31.7187 -30.0384 -35.6718 -34.5518
-31.7187 -30.0384 -35.6718 -34.5518
-31.7187 -30.0384 -35.6718 -34.5518
-31.7187 -30.0384 -35.6718 -34.5518
-30.0582 -30.1164 -36.122 -34.9436
-30.0582 -30.1164 -36.122 -34.9436
-30.0582 -30.1164 -36.122 -34.9436
-30.0582 -30.1164 -36.122 -34.9436
-30.0582 -30.1164 -36.122 -34.9436
-30.0582 -30.1164 -36.122 -34.9436
-30.0582 -30.1164 -36.122 -34.9436
-30.0582 -30.1164 -36.122 -34.9436
-30.0582 -30.1164 -36.122 -34.9436
-30.0582 -30.1164 -36.122 -34.9436
-30.0582 -30.1164 -36.122 -34.9436
-30.0582 -30.1164 -36.122 -34.9436
-30.0582 -30.1164 -36.122 -34.9436
-30.0582 -30.1164 -36.122 -34.9436
-30.0582 -30.1164 -36.122 -34.9436
-30.0582 -30.1164 -36.122 -34.9436
-30.0582 -30.1164 -36.122 -34.9436
-30.0582 -30.1164 -36.122 -34.9436
-30.0582 -30.1164 -36.122 -34.9436
-30.0582 -30.1164 -36.122 -34.9436
-30.5841 -29.3701 -34.5723 -34.9458
-30.5841 -29.3701 -34.5723 -34.9458
-30.5841 -29.3701 -34.5723 -34.9458
-30.5841 -29.3701 -34.5723 -34.9458
-30.5841 -29.3701 -34.5723 -34.9458
-30.5841 -29.3701 -34.5723 -34.9458
-30.5841 -29.3701 -34.5723 -34.9458
-30.5841 -29.3701 -34.5723 -34.9458
-30.5841 -29.3701 -34.5723 -34.9458
-30.5841 -29.3701 -34.5723 -34.9458
-30.5841 -29.3701 -34.5723 -34.9458
-30.5841 -29.3701 -34.5723 -34.9458
-30.5841 -29.3701 -34.5723 -34.9458
-30.5841 -29.3701 -34.5723 -34.9458
-30.5841 -29.3701 -34.5723 -34.9458
-30.5841 -29.3701 -34.5723 -34.9458
-30.5841 -29.3701 -34.5723 -34.9458
-30.5841 -29.3701 -34.5723 -34.9458
-30.5841 -29.3701 -34.5723 -34.9458
-30.5841 -29.3701 -34.5723 -34.9458
-30.0487 -30.0992 -35.8818 -34.7746
-30.0487 -30.0992 -35.8818 -34.7746
-30.0487 -30.0992 -35.8818 -34.7746
-30.0487 -30.0992 -35.8818 -34.7746
-30.0487 -30.0992 -35.8818 -34.7746
-30.0487 -30.0992 -35.8818 -34.7746
-30.0487 -30.0992 -35.8818 -34.7746
-30.0487 -30.0992 -35.8818 -34.7746
-30.0487 -30.0992 -35.8818 -34.7746
-30.0487 -30.0992 -35.8818 -34.7746
-30.0487 -30.0992 -35.8818 -34.7746
-30.0487 -30.0992 -35.8818 -34.7746
-30.0487 -30.0992 -35.8818 -34.7746
-30.0487 -30.0992 -35.8818 -34.7746
-30.0487 -30.0992 -35.8818 -34.7746
-30.0487 -30.0992 -35.8818 -34.7746
-30.0487 -30.0992 -35.8818 -34.7746
-30.0487 -30.0992 -35.8818 -34.7746
-30.0487 -30.0992 -35.8818 -34.7746
-30.0487 -30.0992 -35.8818 -34.7746
-29.5797 -29.7426 -35.2537 -34.8003
-29.5797 -29.7426 -35.2537 -34.8003
-29.5797 -29.7426 -35.2537 -34.8003
-29.5797 -29.7426 -35.2537 -34.8003
-29.5797 -29.7426 -35.2537 -34.8003
-29.5797 -29.7426 -35.2537 -34.8003
-29.5797 -29.7426 -35.2537 -34.8003
-29.5797 -29.7426 -35.2537 -34.8003
-29.5797 -29.7426 -35.2537 -34.8003
-29.5797 -29.7426 -35.2537 -34.8003
-29.5797 -29.7426 -35.2537 -34.8003
-29.5797 -29.7426 -35.2537 -34.8003
-29.5797 -29.7426 -35.2537 -34.8003
-29.5797 -29.7426 -35.2537 -34.8003
-29.5797 -29.7426 -35.2537 -34.8003
-29.5797 -29.7426 -35.2537 -34.8003
-29.5797 -29.7426 -35.2537 -34.8003
-29.5797 -29.7426 -35.2537 -34.8003
-29.5797 -29.7426 -35.2537 -34.8003
-29.5797 -29.7426 -35.2537 -34.8003
-30.3085 -29.5845 -36.1387 -34.6241
-30.3085 -29.5845 -36.1387 -34.6241
-30.3085 -29.5845 -36.1387 -34.6241
-30.3085 -29.5845 -36.1387 -34.6241
-30.3085 -29.5845 -36.1387 -34.6241
-30.3085 -29.5845 -36.1387 -34.6241
-30.3085 -29.5845 -36.1387 -34.6241
-30.3085 -29.5845 -36.1387 -34.6241
-30.3085 -29.5845 -36.1387 -34.6241
-30.3085 -29.5845 -36.1387 -34.6241
-30.3085 -29.5845 -36.1387 -34.6241
-30.3085 -29.5845 -36.1387 -34.6241
-30.3085 -29.5845 -36.1387 -34.6241
-30.3085 -29.5845 -36.1387 -34.6241
-30.3085 -29.5845 -36.1387 -34.6241
-30.3085 -29.5845 -36.1387 -34.6241
-30.3085 -29.5845 -36.1387 -34.6241
-30.3085 -29.5845 -36.1387 -34.6241
-30.3085 -29.5845 -36.1387 -34.6241
-30.3085 -29.5845 -36.1387 -34.6241
-31.265 -29.5497 -35.7414 -34.752
-31.265 -29.5497 -35.7414 -34.752
-31.265 -29.5497 -35.7414 -34.752
-31.265 -29.5497 -35.7414 -34.752
-31.265 -29.5497 -35.7414 -34.752
-31.265 -29.5497 -35.7414 -34.752
-31.265 -29.5497 -35.7414 -34.752
-31.265 -29.5497 -35.7414 -34.752
-31.265 -29.5497 -35.7414 -34.752
-31.265 -29.5497 -35.7414 -34.752
-31.265 -29.5497 -35.7414 -34.752
-31.265 -29.5497 -35.7414 -34.752
-31.265 -29.5497 -35.7414 -34.752
-31.265 -29.5497 -35.7414 -34.752
-31.265 -29.5497 -35.7414 -34.752
-31.265 -29.5497 -35.7414 -34.752
-31.265 -29.5497 -35.7414 -34.752
-31.265 -29.5497 -35.7414 -34.752
-31.265 -29.5497 -35.7414 -34.752
-31.265 -29.5497 -35.7414 -34.752
-31.3746 -29.5201 -36.2598 -34.6931
-31.3746 -29.5201 -36.2598 -34.6931
-31.3746 -29.5201 -36.2598 -34.6931
-31.3746 -29.5201 -36.2598 -34.6931
-31.3746 -29.5201 -36.2598 -34.6931
-31.3746 -29.5201 -36.2598 -34.6931
-31.3746 -29.5201 -36.2598 -34.6931
-31.3746 -29.5201 -36.2598 -34.6931
-31.3746 -29.5201 -36.2598 -34.6931
-31.3746 -29.5201 -36.2598 -34.6931
-31.3746 -29.5201 -36.2598 -34.6931
-31.3746 -29.5201 -36.2598 -34.6931
-31.3746 -29.5201 -36.2598 -34.6931
-31.3746 -29.5201 -36.2598 -34.6931
-31.3746 -29.5201 -36.2598 -34.6931
-31.3746 -29.5201 -36.2598 -34.6931
-31.3746 -29.5201 -36.2598 -34.6931
-31.3746 -29.5201 -36.2598 -34.6931
-31.3746 -29.5201 -36.2598 -34.6931
-31.3746 -29.5201 -36.2598 -34.6931
-31.2793 -30.0634 -35.4724 -34.375
-31.2793 -30.0634 -35.4724 -34.375
-31.2793 -30.0634 -35.4724 -34.375
-31.2793 -30.0634 -35.4724 -34.375
-31.2793 -30.0634 -35.4724 -34.375
-31.2793 -30.0634 -35.4724 -34.375
-31.2793 -30.0634 -35.4724 -34.375
-31.2793 -30.0634 -35.4724 -34.375
-31.2793 -30.0634 -35.4724 -34.375
-31.2793 -30.0634 -35.4724 -34.375
-31.2793 -30.0634 -35.4724 -34.375
-31.2793 -30.0634 -35.4724 -34.375
-31.2793 -30.0634 -35.4724 -34.375
-31.2793 -30.0634 -35.4724 -34.375
-31.2793 -30.0634 -35.4724 -34.375
-31.2793 -30.0634 -35.4724 -34.375
-31.2793 -30.0634 -35.4724 -34.375
-31.2793 -30.0634 -35.4724 -34.375
-31.2793 -30.0634 -35.4724 -34.375
-31.2793 -30.0634 -35.4724 -34.375
-30.773 -29.8625 -35.7683 -34.1899
-30.773 -29.8625 -35.7683 -34.1899
-30.773 -29.8625 -35.7683 -34.1899
-30.773 -29.8625 -35.7683 -34.1899
-30.773 -29.8625 -35.7683 -34.1899
-30.773 -29.8625 -35.7683 -34.1899
-30.773 -29.8625 -35.7683 -34.1899
-30.773 -29.8625 -35.7683 -34.1899
-30.773 -29.8625 -35.7683 -34.1899
-30.773 -29.8625 -35.7683 -34.1899
-30.773 -29.8625 -35.7683 -34.1899
-30.773 -29.8625 -35.7683 -34.1899
-30.773 -29.8625 -35.7683 -34.1899
-30.773 -29.8625 -35.7683 -34.1899
-30.773 -29.8625 -35.7683 -34.1899
-30.773 -29.8625 -35.7683 -34.1899
-30.773 -29.8625 -35.7683 -34.1899
-30.773 -29.8625 -35.7683 -34.1899
-30.773 -29.8625 -35.7683 -34.1899
-30.773 -29.8625 -35.7683 -34.1899
-31.251 -29.5549 -35.1679 -34.4514
-31.251 -29.5549 -35.1679 -34.4514
-31.251 -29.5549 -35.1679 -34.4514
-31.251 -29.5549 -35.1679 -34.4514
-31.251 -29.5549 -35.1679 -34.4514
-31.251 -29.5549 -35.1679 -34.4514
-31.251 -29.5549 -35.1679 -34.4514
-31.251 -29.5549 -35.1679 -34.4514
-31.251 -29.5549 -35.1679 -34.4514
-31.251 -29.5549 -35.1679 -34.4514
-31.251 -29.5549 -35.1679 -34.4514
-31.251 -29.5549 -35.1679 -34.4514
-31.251 -29.5549 -35.1679 -34.4514
-31.251 -29.5549 -35.1679 -34.4514
-31.251 -29.5549 -35.1679 -34.4514
-31.251 -29.5549 -35.1679 -34.4514
-31.251 -29.5549 -35.1679 -34.4514
-31.251 -29.5549 -35.1679 -34.4514
-31.251 -29.5549 -35.1679 -34.4514
-31.251 -29.5549 -35.1679 -34.4514
-30.7196 -29.5554 -34.5931 -34.8785
-30.7196 -29.5554 -34.5931 -34.8785
-30.7196 -29.5554 -34.5931 -34.8785
-30.7196 -29.5554 -34.5931 -34.8785
-30.7196 -29.5554 -34.5931 -34.8785
-30.7196 -29.5554 -34.5931 -34.8785
-30.7196 -29.5554 -34.5931 -34.8785
-30.7196 -29.5554 -34.5931 -34.8785
-30.7196 -29.5554 -34.5931 -34.8785
-30.7196 -29.5554 -34.5931 -34.8785
-30.7196 -29.5554 -34.5931 -34.8785
-30.7196 -29.5554 -34.5931 -34.8785
-30.7196 -29.5554 -34.5931 -34.8785
-30.7196 -29.5554 -34.5931 -34.8785
-30.7196 -29.5554 -34.5931 -34.8785
-30.7196 -29.5554 -34.5931 -34.8785
-30.7196 -29.5554 -34.5931 -34.8785
-30.7196 -29.5554 -34.5931 -34.8785
-30.7196 -29.5554 -34.5931 -34.8785
-30.7196 -29.5554 -34.5931 -34.8785
-30.9755 -29.701 -34.7557 -34.7223
-30.9755 -29.701 -34.7557 -34.7223
-30.9755 -29.701 -34.7557 -34.7223
-30.9755 -29.701 -34.7557 -34.7223
-30.9755 -29.701 -34.7557 -34.7223
-30.9755 -29.701 -34.7557 -34.7223
-30.9755 -29.701 -34.7557 -34.7223
-30.9755 -29.701 -34.7557 -34.7223
-30.9755 -29.701 -34.7557 -34.7223
-30.9755 -29.701 -34.7557 -34.7223
-30.9755 -29.701 -34.7557 -34.7223
-30.9755 -29.701 -34.7557 -34.7223
-30.9755 -29.701 -34.7557 -34.7223
-30.9755 -29.701 -34.7557 -34.7223
-30.9755 -29.701 -34.7557 -34.7223
-30.9755 -29.701 -34.7557 -34.7223
-30.9755 -29.701 -34.7557 -34.7223
-30.9755 -29.701 -34.7557 -34.7223
-30.9755 -29.701 -34.7557 -34.7223
-30.9755 -29.701 -34.7557 -34.7223
-31.2366 -29.8549 -35.0609 -35.1244
-31.2366 -29.8549 -35.0609 -35.1244
-31.2366 -29.8549 -35.0609 -35.1244
-31.2366 -29.8549 -35.0609 -35.1244
-31.2366 -29.8549 -35.0609 -35.1244
-31.2366 -29.8549 -35.0609 -35.1244
-31.2366 -29.8549 -35.0609 -35.1244
-31.2366 -29.8549 -35.0609 -35.1244
-31.2366 -29.8549 -35.0609 -35.1244
-31.2366 -29.8549 -35.0609 -35.1244
-31.2366 -29.8549 -35.0609 -35.1244
-31.2366 -29.8549 -35.0609 -35.1244
-31.2366 -29.8549 -35.0609 -35.1244
-31.2366 -29.8549 -35.0609 -35.1244
-31.2366 -29.8549 -35.0609 -35.1244
-31.2366 -29.8549 -35.0609 -35.1244
-31.2366 -29.8549 -35.0609 -35.1244
-31.2366 -29.8549 -35.0609 -35.1244
-31.2366 -29.8549 -35.0609 -35.1244
-31.2366 -29.8549 -35.0609 -35.1244
-30.7876 -29.7467 -35.5372 -35.0646
-30.7876 -29.7467 -35.5372 -35.0646
-30.7876 -29.7467 -35.5372 -35.0646
-30.7876 -29.7467 -35.5372 -35.0646
-30.7876 -29.7467 -35.5372 -35.0646
-30.7876 -29.7467 -35.5372 -35.0646
-30.7876 -29.7467 -35.5372 -35.0646
-30.7876 -29.7467 -35.5372 -35.0646
-30.7876 -29.7467 -35.5372 -35.0646
-30.7876 -29.7467 -35.5372 -35.0646
-30.7876 -29.7467 -35.5372 -35.0646
-30.7876 -29.7467 -35.5372 -35.0646
-30.7876 -29.7467 -35.5372 -35.0646
-30.7876 -29.7467 -35.5372 -35.0646
-30.7876 -29.7467 -35.5372 -35.0646
-30.7876 -29.7467 -35.5372 -35.0646
-30.7876 -29.7467 -35.5372 -35.0646
-30.7876 -29.7467 -35.5372 -35.0646
-30.7876 -29.7467 -35.5372 -35.0646
-30.7876 -29.7467 -35.5372 -35.0646
-31.2729 -29.8275 -35.7301 -34.6878
-31.2729 -29.8275 -35.7301 -34.6878
-31.2729 -29.8275 -35.7301 -34.6878
-31.2729 -29.8275 -35.7301 -34.6878
-31.2729 -29.8275 -35.7301 -34.6878
-31.2729 -29.8275 -35.7301 -34.6878
-31.2729 -29.8275 -35.7301 -34.6878
-31.2729 -29.8275 -35.7301 -34.6878
-31.2729 -29.8275 -35.7301 -34.6878
-31.2729 -29.8275 -35.7301 -34.6878
-31.2729 -29.8275 -35.7301 -34.6878
-31.2729 -29.8275 -35.7301 -34.6878
-31.2729 -29.8275 -35.7301 -34.6878
-31.2729 -29.8275 -35.7301 -34.6878
-31.2729 -29.8275 -35.7301 -34.6878
-31.2729 -29.8275 -35.7301 -34.6878
-31.2729 -29.8275 -35.7301 -34.6878
-31.2729 -29.8275 -35.7301 -34.6878
-31.2729 -29.8275 -35.7301 -34.6878
-31.2729 -29.8275 -35.7301 -34.6878
-30.9768 -30.0325 -35.4669 -34.6162
-30.9768 -30.0325 -35.4669 -34.6162
-30.9768 -30.0325 -35.4669 -34.6162
-30.9768 -30.0325 -35.4669 -34.6162
-30.9768 -30.0325 -35.4669 -34.6162
-30.9768 -30.0325 -35.4669 -34.6162
-30.9768 -30.0325 -35.4669 -34.6162
-30.9768 -30.0325 -35.4669 -34.6162
-30.9768 -30.0325 -35.4669 -34.6162
-30.9768 -30.0325 -35.4669 -34.6162
-30.9768 -30.0325 -35.4669 -34.6162
-30.9768 -30.0325 -35.4669 -34.6162
-30.9768 -30.0325 -35.4669 -34.6162
-30.9768 -30.0325 -35.4669 -34.6162
-30.9768 -30.0325 -35.4669 -34.6162
-30.9768 -30.0325 -35.4669 -34.6162
-30.9768 -30.0325 -35.4669 -34.6162
-30.9768 -30.0325 -35.4669 -34.6162
-30.9768 -30.0325 -35.4669 -34.6162
-30.9768 -30.0325 -35.4669 -34.6162
-31.0568 -30.5148 -34.9786 -35.614
-31.0568 -30.5148 -34.9786 -35.614
-31.0568 -30.5148 -34.9786 -35.614
-31.0568 -30.5148 -34.9786 -35.614
-31.0568 -30.5148 -34.9786 -35.614
-31.0568 -30.5148 -34.9786 -35.614
-31.0568 -30.5148 -34.9786 -35.614
-31.0568 -30.5148 -34.9786 -35.614
-31.0568 -30.5148 -34.9786 -35.614
-31.0568 -30.5148 -34.9786 -35.614
-31.0568 -30.5148 -34.9786 -35.614
-31.0568 -30.5148 -34.9786 -35.614
-31.0568 -30.5148 -34.9786 -35.614
-31.0568 -30.5148 -34.9786 -35.614
-31.0568 -30.5148 -34.9786 -35.614
-31.0568 -30.5148 -34.9786 -35.614
-31.0568 -30.5148 -34.9786 -35.614
-31.0568 -30.5148 -34.9786 -35.614
-31.0568 -30.5148 -34.9786 -35.614
-31.0568 -30.5148 -34.9786 -35.614
-30.6788 -30.19 -34.9312 -33.7642
-30.6788 -30.19 -34.9312 -33.7642
-30.6788 -30.19 -34.9312 -33.7642
-30.6788 -30.19 -34.9312 -33.7642
-30.6788 -30.19 -34.9312 -33.7642
-30.6788 -30.19 -34.9312 -33.7642
-30.6788 -30.19 -34.9312 -33.7642
-30.6788 -30.19 -34.9312 -33.7642
-30.6788 -30.19 -34.9312 -33.7642
-30.6788 -30.19 -34.9312 -33.7642
-30.6788 -30.19 -34.9312 -33.7642
-30.6788 -30.19 -34.9312 -33.7642
-30.6788 -30.19 -34.9312 -33.7642
-30.6788 -30.19 -34.9312 -33.7642
-30.6788 -30.19 -34.9312 -33.7642
-30.6788 -30.19 -34.9312 -33.7642
-30.6788 -30.19 -34.9312 -33.7642
-30.6788 -30.19 -34.9312 -33.7642
-30.6788 -30.19 -34.9312 -33.7642
-30.6788 -30.19 -34.9312 -33.7642
-31.9902 -29.3219 -34.4979 -34.5651
-31.9902 -29.3219 -34.4979 -34.5651
-31.9902 -29.3219 -34.4979 -34.5651
-31.9902 -29.3219 -34.4979 -34.5651
-31.9902 -29.3219 -34.4979 -34.5651
-31.9902 -29.3219 -34.4979 -34.5651
-31.9902 -29.3219 -34.4979 -34.5651
-31.9902 -29.3219 -34.4979 -34.5651
-31.9902 -29.3219 -34.4979 -34.5651
-31.9902 -29.3219 -34.4979 -34.5651
-31.9902 -29.3219 -34.4979 -34.5651
-31.9902 -29.3219 -34.4979 -34.5651
-31.9902 -29.3219 -34.4979 -34.5651
-31.9902 -29.3219 -34.4979 -34.5651
-31.9902 -29.3219 -34.4979 -34.5651
-31.9902 -29.3219 -34.4979 -34.5651
-31.9902 -29.3219 -34.4979 -34.5651
-31.9902 -29.3219 -34.4979 -34.5651
-31.9902 -29.3219 -34.4979 -34.5651
-31.9902 -29.3219 -34.4979 -34.5651
-30.8053 -30.2879 -35.5726 -34.2249
-30.8053 -30.2879 -35.5726 -34.2249
-30.8053 -30.2879 -35.5726 -34.2249
-30.8053 -30.2879 -35.5726 -34.2249
-30.8053 -30.2879 -35.5726 -34.2249
-30.8053 -30.2879 -35.5726 -34.2249
-30.8053 -30.2879 -35.5726 -34.2249
-30.8053 -30.2879 -35.5726 -34.2249
-30.8053 -30.2879 -35.5726 -34.2249
-30.8053 -30.2879 -35.5726 -34.2249
-30.8053 -30.2879 -35.5726 -34.2249
-30.8053 -30.2879 -35.5726 -34.2249
-30.8053 -30.2879 -35.5726 -34.2249
-30.8053 -30.2879 -35.5726 -34.2249
-30.8053 -30.2879 -35.5726 -34.2249
-30.8053 -30.2879 -35.5726 -34.2249
-30.8053 -30.2879 -35.5726 -34.2249
-30.8053 -30.2879 -35.5726 -34.2249
-30.8053 -30.2879 -35.5726 -34.2249
-30.8053 -30.2879 -35.5726 -34.2249
-29.9762 -30.2195 -34.9822 -34.6698
-29.9762 -30.2195 -34.9822 -34.6698
-29.9762 -30.2195 -34.9822 -34.6698
-29.9762 -30.2195 -34.9822 -34.6698
-29.9762 -30.2195 -34.9822 -34.6698
-29.9762 -30.2195 -34.9822 -34.6698
-29.9762 -30.2195 -34.9822 -34.6698
-29.9762 -30.2195 -34.9822 -34.6698
-29.9762 -30.2195 -34.9822 -34.6698
-29.9762 -30.2195 -34.9822 -34.6698
-29.9762 -30.2195 -34.9822 -34.6698
-29.9762 -30.2195 -34.9822 -34.6698
-29.9762 -30.2195 -34.9822 -34.6698
-29.9762 -30.2195 -34.9822 -34.6698
-29.9762 -30.2195 -34.9822 -34.6698
-29.9762 -30.2195 -34.9822 -34.6698
-29.9762 -30.2195 -34.9822 -34.6698
-29.9762 -30.2195 -34.9822 -34.6698
-29.9762 -30.2195 -34.9822 -34.6698
-29.9762 -30.2195 -34.9822 -34.6698
-30.7937 -30.1833 -35.961 -34.762
-30.7937 -30.1833 -35.961 -34.762
-30.7937 -30.1833 -35.961 -34.762
-30.7937 -30.1833 -35.961 -34.762
-30.7937 -30.1833 -35.961 -34.762
-30.7937 -30.1833 -35.961 -34.762
-30.7937 -30.1833 -35.961 -34.762
-30.7937 -30.1833 -35.961 -34.762
-30.7937 -30.1833 -35.961 -34.762
-30.7937 -30.1833 -35.961 -34.762
-30.7937 -30.1833 -35.961 -34.762
-30.7937 -30.1833 -35.961 -34.762
-30.7937 -30.1833 -35.961 -34.762
-30.7937 -30.1833 -35.961 -34.762
-30.7937 -30.1833 -35.961 -34.762
-30.7937 -30.1833 -35.961 -34.762
-30.7937 -30.1833 -35.961 -34.762
-30.7937 -30.1833 -35.961 -34.762
-30.7937 -30.1833 -35.961 -34.762
-30.7937 -30.1833 -35.961 -34.762
-31.2608 -29.8652 -35.8195 -34.5716
-31.2608 -29.8652 -35.8195 -34.5716
-31.2608 -29.8652 -35.8195 -34.5716
-31.2608 -29.8652 -35.8195 -34.5716
-31.2608 -29.8652 -35.8195 -34.5716
-31.2608 -29.8652 -35.8195 -34.5716
-31.2608 -29.8652 -35.8195 -34.5716
-31.2608 -29.8652 -35.8195 -34.5716
-31.2608 -29.8652 -35.8195 -34.5716
-31.2608 -29.8652 -35.8195 -34.5716
-31.2608 -29.8652 -35.8195 -34.5716
-31.2608 -29.8652 -35.8195 -34.5716
-31.2608 -29.8652 -35.8195 -34.5716
-31.2608 -29.8652 -35.8195 -34.5716
-31.2608 -29.8652 -35.8195 -34.5716
-31.2608 -29.8652 -35.8195 -34.5716
-31.2608 -29.8652 -35.8195 -34.5716
-31.2608 -29.8652 -35.8195 -34.5716
-31.2608 -29.8652 -35.8195 -34.5716
-31.2608 -29.8652 -35.8195 -34.5716
-30.3283 -30.3656 -35.5343 -34.1686
-30.3283 -30.3656 -35.5343 -34.1686
-30.3283 -30.3656 -35.5343 -34.1686
-30.3283 -30.3656 -35.5343 -34.1686
-30.3283 -30.3656 -35.5343 -34.1686
-30.3283 -30.3656 -35.5343 -34.1686
-30.3283 -30.3656 -35.5343 -34.1686
-30.3283 -30.3656 -35.5343 -34.1686
-30.3283 -30.3656 -35.5343 -34.1686
-30.3283 -30.3656 -35.5343 -34.1686
-30.3283 -30.3656 -35.5343 -34.1686
-30.3283 -30.3656 -35.5343 -34.1686
-30.3283 -30.3656 -35.5343 -34.1686
-30.3283 -30.3656 -35.5343 -34.1686
-30.3283 -30.3656 -35.5343 -34.1686
-30.3283 -30.3656 -35.5343 -34.1686
-30.3283 -30.3656 -35.5343 -34.1686
-30.3283 -30.3656 -35.5343 -34.1686
-30.3283 -30.3656 -35.5343 -34.1686
-30.3283 -30.3656 -35.5343 -34.1686
-31.9038 -29.7972 -35.8225 -33.8889
-31.9038 -29.7972 -35.8225 -33.8889
-31.9038 -29.7972 -35.8225 -33.8889
-31.9038 -29.7972 -35.8225 -33.8889
-31.9038 -29.7972 -35.8225 -33.8889
-31.9038 -29.7972 -35.8225 -33.8889
-31.9038 -29.7972 -35.8225 -33.8889
-31.9038 -29.7972 -35.8225 -33.8889
-31.9038 -29.7972 -35.8225 -33.8889
-31.9038 -29.7972 -35.8225 -33.8889
-31.9038 -29.7972 -35.8225 -33.8889
-31.9038 -29.7972 -35.8225 -33.8889
-31.9038 -29.7972 -35.8225 -33.8889
-31.9038 -29.7972 -35.8225 -33.8889
-31.9038 -29.7972 -35.8225 -33.8889
-31.9038 -29.7972 -35.8225 -33.8889
-31.9038 -29.7972 -35.8225 -33.8889
-31.9038 -29.7972 -35.8225 -33.8889
-31.9038 -29.7972 -35.8225 -33.8889
-31.9038 -29.7972 -35.8225 -33.8889
-29.8427 -29.4562 -35.4798 -34.2776
-29.8427 -29.4562 -35.4798 -34.2776
-29.8427 -29.4562 -35.4798 -34.2776
-29.8427 -29.4562 -35.4798 -34.2776
-29.8427 -29.4562 -35.4798 -34.2776
-29.8427 -29.4562 -35.4798 -34.2776
-29.8427 -29.4562 -35.4798 -34.2776
-29.8427 -29.4562 -35.4798 -34.2776
-29.8427 -29.4562 -35.4798 -34.2776
-29.8427 -29.4562 -35.4798 -34.2776
-29.8427 -29.4562 -35.4798 -34.2776
-29.8427 -29.4562 -35.4798 -34.2776
-29.8427 -29.4562 -35.4798 -34.2776
-29.8427 -29.4562 -35.4798 -34.2776
-29.8427 -29.4562 -35.4798 -34.2776
-29.8427 -29.4562 -35.4798 -34.2776
-29.8427 -29.4562 -35.4798 -34.2776
-29.8427 -29.4562 -35.4798 -34.2776
-29.8427 -29.4562 -35.4798 -34.2776
-29.8427 -29.4562 -35.4798 -34.2776
-29.8427 -29.4562 -35.4798 -34.2776
-31.0905 -29.7866 -35.2675 -34.6516
-31.0905 -29.7866 -35.2675 -34.6516
-31.0905 -29.7866 -35.2675 -34.6516
-31.0905 -29.7866 -35.2675 -34.6516
-31.0905 -29.7866 -35.2675 -34.6516
-31.0905 -29.7866 -35.2675 -34.6516
-31.0905 -29.7866 -35.2675 -34.6516
-31.0905 -29.7866 -35.2675 -34.6516
-31.0905 -29.7866 -35.2675 -34.6516
-31.0905 -29.7866 -35.2675 -34.6516
-31.0905 -29.7866 -35.2675 -34.6516
-31.0905 -29.7866 -35.2675 -34.6516
-31.0905 -29.7866 -35.2675 -34.6516
-31.0905 -29.7866 -35.2675 -34.6516
-31.0905 -29.7866 -35.2675 -34.6516
-31.0905 -29.7866 -35.2675 -34.6516
-31.0905 -29.7866 -35.2675 -34.6516
-31.0905 -29.7866 -35.2675 -34.6516
-31.0905 -29.7866 -35.2675 -34.6516
-31.4371 -29.4353 -35.8368 -34.6322
-31.4371 -29.4353 -35.8368 -34.6322
-31.4371 -29.4353 -35.8368 -34.6322
-31.4371 -29.4353 -35.8368 -34.6322
-31.4371 -29.4353 -35.8368 -34.6322
-31.4371 -29.4353 -35.8368 -34.6322
-31.4371 -29.4353 -35.8368 -34.6322
-31.4371 -29.4353 -35.8368 -34.6322
-31.4371 -29.4353 -35.8368 -34.6322
-31.4371 -29.4353 -35.8368 -34.6322
-31.4371 -29.4353 -35.8368 -34.6322
-31.4371 -29.4353 -35.8368 -34.6322
-31.4371 -29.4353 -35.8368 -34.6322
-31.4371 -29.4353 -35.8368 -34.6322
-31.4371 -29.4353 -35.8368 -34.6322
-31.4371 -29.4353 -35.8368 -34.6322
-31.4371 -29.4353 -35.8368 -34.6322
-31.4371 -29.4353 -35.8368 -34.6322
-31.4371 -29.4353 -35.8368 -34.6322
-31.4371 -29.4353 -35.8368 -34.6322
-31.726 -29.5301 -34.306 -34.3829
-31.726 -29.5301 -34.306 -34.3829
-31.726 -29.5301 -34.306 -34.3829
-31.726 -29.5301 -34.306 -34.3829
-31.726 -29.5301 -34.306 -34.3829
-31.726 -29.5301 -34.306 -34.3829
-31.726 -29.5301 -34.306 -34.3829
-31.726 -29.5301 -34.306 -34.3829
-31.726 -29.5301 -34.306 -34.3829
-31.726 -29.5301 -34.306 -34.3829
-31.726 -29.5301 -34.306 -34.3829
-31.726 -29.5301 -34.306 -34.3829
-31.726 -29.5301 -34.306 -34.3829
-31.726 -29.5301 -34.306 -34.3829
-31.726 -29.5301 -34.306 -34.3829
-31.726 -29.5301 -34.306 -34.3829
-31.726 -29.5301 -34.306 -34.3829
-31.726 -29.5301 -34.306 -34.3829
-31.726 -29.5301 -34.306 -34.3829
-31.726 -29.5301 -34.306 -34.3829
-30.8878 -30.4959 -35.9999 -34.7025
-30.8878 -30.4959 -35.9999 -34.7025
-30.8878 -30.4959 -35.9999 -34.7025
-30.8878 -30.4959 -35.9999 -34.7025
-30.8878 -30.4959 -35.9999 -34.7025
-30.8878 -30.4959 -35.9999 -34.7025
-30.8878 -30.4959 -35.9999 -34.7025
-30.8878 -30.4959 -35.9999 -34.7025
-30.8878 -30.4959 -35.9999 -34.7025
-30.8878 -30.4959 -35.9999 -34.7025
-30.8878 -30.4959 -35.9999 -34.7025
-30.8878 -30.4959 -35.9999 -34.7025
-30.8878 -30.4959 -35.9999 -34.7025
-30.8878 -30.4959 -35.9999 -34.7025
-30.8878 -30.4959 -35.9999 -34.7025
-30.8878 -30.4959 -35.9999 -34.7025
-30.8878 -30.4959 -35.9999 -34.7025
-30.8878 -30.4959 -35.9999 -34.7025
-30.8878 -30.4959 -35.9999 -34.7025
-30.8878 -30.4959 -35.9999 -34.7025
-30.8706 -29.5117 -35.455 -33.9382
-30.8706 -29.5117 -35.455 -33.9382
-30.8706 -29.5117 -35.455 -33.9382
-30.8706 -29.5117 -35.455 -33.9382
-30.8706 -29.5117 -35.455 -33.9382
-30.8706 -29.5117 -35.455 -33.9382
-30.8706 -29.5117 -35.455 -33.9382
-30.8706 -29.5117 -35.455 -33.9382
-30.8706 -29.5117 -35.455 -33.9382
-30.8706 -29.5117 -35.455 -33.9382
-30.8706 -29.5117 -35.455 -33.9382
-30.8706 -29.5117 -35.455 -33.9382
-30.8706 -29.5117 -35.455 -33.9382
-30.8706 -29.5117 -35.455 -33.9382
-30.8706 -29.5117 -35.455 -33.9382
-30.8706 -29.5117 -35.455 -33.9382
-30.8706 -29.5117 -35.455 -33.9382
-30.8706 -29.5117 -35.455 -33.9382
-30.8706 -29.5117 -35.455 -33.9382
-30.8706 -29.5117 -35.455 -33.9382
-30.6132 -30.0557 -36.3957 -34.0781
-30.6132 -30.0557 -36.3957 -34.0781
-30.6132 -30.0557 -36.3957 -34.0781
-30.6132 -30.0557 -36.3957 -34.0781
-30.6132 -30.0557 -36.3957 -34.0781
-30.6132 -30.0557 -36.3957 -34.0781
-30.6132 -30.0557 -36.3957 -34.0781
-30.6132 -30.0557 -36.3957 -34.0781
-30.6132 -30.0557 -36.3957 -34.0781
-30.6132 -30.0557 -36.3957 -34.0781
-30.6132 -30.0557 -36.3957 -34.0781
-30.6132 -30.0557 -36.3957 -34.0781
-30.6132 -30.0557 -36.3957 -34.0781
-30.6132 -30.0557 -36.3957 -34.0781
-30.6132 -30.0557 -36.3957 -34.0781
-30.6132 -30.0557 -36.3957 -34.0781
-30.6132 -30.0557 -36.3957 -34.0781
-30.6132 -30.0557 -36.3957 -34.0781
-30.6132 -30.0557 -36.3957 -34.0781
-30.6132 -30.0557 -36.3957 -34.0781
-29.9047 -29.9445 -36.2205 -34.1641
-29.9047 -29.9445 -36.2205 -34.1641
-29.9047 -29.9445 -36.2205 -34.1641
-29.9047 -29.9445 -36.2205 -34.1641
-29.9047 -29.9445 -36.2205 -34.1641
-29.9047 -29.9445 -36.2205 -34.1641
-29.9047 -29.9445 -36.2205 -34.1641
-29.9047 -29.9445 -36.2205 -34.1641
-29.9047 -29.9445 -36.2205 -34.1641
-29.9047 -29.9445 -36.2205 -34.1641
-29.9047 -29.9445 -36.2205 -34.1641
-29.9047 -29.9445 -36.2205 -34.1641
-29.9047 -29.9445 -36.2205 -34.1641
-29.9047 -29.9445 -36.2205 -34.1641
-29.9047 -29.9445 -36.2205 -34.1641
-29.9047 -29.9445 -36.2205 -34.1641
-29.9047 -29.9445 -36.2205 -34.1641
-29.9047 -29.9445 -36.2205 -34.1641
-29.9047 -29.9445 -36.2205 -34.1641
-29.9047 -29.9445 -36.2205 -34.1641
-30.7847 -29.4062 -35.2639 -34.2555
-30.7847 -29.4062 -35.2639 -34.2555
-30.7847 -29.4062 -35.2639 -34.2555
-30.7847 -29.4062 -35.2639 -34.2555
-30.7847 -29.4062 -35.2639 -34.2555
-30.7847 -29.4062 -35.2639 -34.2555
-30.7847 -29.4062 -35.2639 -34.2555
-30.7847 -29.4062 -35.2639 -34.2555
-30.7847 -29.4062 -35.2639 -34.2555
-30.7847 -29.4062 -35.2639 -34.2555
-30.7847 -29.4062 -35.2639 -34.2555
-30.7847 -29.4062 -35.2639 -34.2555
-30.7847 -29.4062 -35.2639 -34.2555
-30.7847 -29.4062 -35.2639 -34.2555
-30.7847 -29.4062 -35.2639 -34.2555
-30.7847 -29.4062 -35.2639 -34.2555
-30.7847 -29.4062 -35.2639 -34.2555
-30.7847 -29.4062 -35.2639 -34.2555
-30.7847 -29.4062 -35.2639 -34.2555
-30.7847 -29.4062 -35.2639 -34.2555
-30.581 -30.3161 -36.0647 -34.0523
-30.581 -30.3161 -36.0647 -34.0523
-30.581 -30.3161 -36.0647 -34.0523
-30.581 -30.3161 -36.0647 -34.0523
-30.581 -30.3161 -36.0647 -34.0523
-30.581 -30.3161 -36.0647 -34.0523
-30.581 -30.3161 -36.0647 -34.0523
-30.581 -30.3161 -36.0647 -34.0523
-30.581 -30.3161 -36.0647 -34.0523
-30.581 -30.3161 -36.0647 -34.0523
-30.581 -30.3161 -36.0647 -34.0523
-30.581 -30.3161 -36.0647 -34.0523
-30.581 -30.3161 -36.0647 -34.0523
-30.581 -30.3161 -36.0647 -34.0523
-30.581 -30.3161 -36.0647 -34.0523
-30.581 -30.3161 -36.0647 -34.0523
-30.581 -30.3161 -36.0647 -34.0523
-30.581 -30.3161 -36.0647 -34.0523
-30.581 -30.3161 -36.0647 -34.0523
-30.581 -30.3161 -36.0647 -34.0523
-30.5767 -29.8564 -35.4061 -35.1167
-30.5767 -29.8564 -35.4061 -35.1167
-30.5767 -29.8564 -35.4061 -35.1167
-30.5767 -29.8564 -35.4061 -35.1167
-30.5767 -29.8564 -35.4061 -35.1167
-30.5767 -29.8564 -35.4061 -35.1167
-30.5767 -29.8564 -35.4061 -35.1167
-30.5767 -29.8564 -35.4061 -35.1167
-30.5767 -29.8564 -35.4061 -35.1167
-30.5767 -29.8564 -35.4061 -35.1167
-30.5767 -29.8564 -35.4061 -35.1167
-30.5767 -29.8564 -35.4061 -35.1167
-30.5767 -29.8564 -35.4061 -35.1167
-30.5767 -29.8564 -35.4061 -35.1167
-30.5767 -29.8564 -35.4061 -35.1167
-30.5767 -29.8564 -35.4061 -35.1167
-30.5767 -29.8564 -35.4061 -35.1167
-30.5767 -29.8564 -35.4061 -35.1167
-30.5767 -29.8564 -35.4061 -35.1167
-30.5767 -29.8564 -35.4061 -35.1167
-32.1315 -30.3355 -35.8076 -34.4799
-32.1315 -30.3355 -35.8076 -34.4799
-32.1315 -30.3355 -35.8076 -34.4799
-32.1315 -30.3355 -35.8076 -34.4799
-32.1315 -30.3355 -35.8076 -34.4799
-32.1315 -30.3355 -35.8076 -34.4799
-32.1315 -30.3355 -35.8076 -34.4799
-32.1315 -30.3355 -35.8076 -34.4799
-32.1315 -30.3355 -35.8076 -34.4799
-32.1315 -30.3355 -35.8076 -34.4799
-32.1315 -30.3355 -35.8076 -34.4799
-32.1315 -30.3355 -35.8076 -34.4799
-32.1315 -30.3355 -35.8076 -34.4799
-32.1315 -30.3355 -35.8076 -34.4799
-32.1315 -30.3355 -35.8076 -34.4799
-32.1315 -30.3355 -35.8076 -34.4799
-32.1315 -30.3355 -35.8076 -34.4799
-32.1315 -30.3355 -35.8076 -34.4799
-32.1315 -30.3355 -35.8076 -34.4799
-32.1315 -30.3355 -35.8076 -34.4799
-30.9112 -30.6988 -35.3906 -34.4489
-30.9112 -30.6988 -35.3906 -34.4489
-30.9112 -30.6988 -35.3906 -34.4489
-30.9112 -30.6988 -35.3906 -34.4489
-30.9112 -30.6988 -35.3906 -34.4489
-30.9112 -30.6988 -35.3906 -34.4489
-30.9112 -30.6988 -35.3906 -34.4489
-30.9112 -30.6988 -35.3906 -34.4489
-30.9112 -30.6988 -35.3906 -34.4489
-30.9112 -30.6988 -35.3906 -34.4489
-30.9112 -30.6988 -35.3906 -34.4489
-30.9112 -30.6988 -35.3906 -34.4489
-30.9112 -30.6988 -35.3906 -34.4489
-30.9112 -30.6988 -35.3906 -34.4489
-30.9112 -30.6988 -35.3906 -34.4489
-30.9112 -30.6988 -35.3906 -34.4489
-30.9112 -30.6988 -35.3906 -34.4489
-30.9112 -30.6988 -35.3906 -34.4489
-30.9112 -30.6988 -35.3906 -34.4489
-30.9112 -30.6988 -35.3906 -34.4489
-31.2429 -29.8572 -36.0152 -33.8269
-31.2429 -29.8572 -36.0152 -33.8269
-31.2429 -29.8572 -36.0152 -33.8269
-31.2429 -29.8572 -36.0152 -33.8269
-31.2429 -29.8572 -36.0152 -33.8269
-31.2429 -29.8572 -36.0152 -33.8269
-31.2429 -29.8572 -36.0152 -33.8269
-31.2429 -29.8572 -36.0152 -33.8269
-31.2429 -29.8572 -36.0152 -33.8269
-31.2429 -29.8572 -36.0152 -33.8269
-31.2429 -29.8572 -36.0152 -33.8269
-31.2429 -29.8572 -36.0152 -33.8269
-31.2429 -29.8572 -36.0152 -33.8269
-31.2429 -29.8572 -36.0152 -33.8269
-31.2429 -29.8572 -36.0152 -33.8269
-31.2429 -29.8572 -36.0152 -33.8269
-31.2429 -29.8572 -36.0152 -33.8269
-31.2429 -29.8572 -36.0152 -33.8269
-31.2429 -29.8572 -36.0152 -33.8269
-31.2429 -29.8572 -36.0152 -33.8269
-30.3652 -30.0665 -35.1944 -34.5182
-30.3652 -30.0665 -35.1944 -34.5182
-30.3652 -30.0665 -35.1944 -34.5182
-30.3652 -30.0665 -35.1944 -34.5182
-30.3652 -30.0665 -35.1944 -34.5182
-30.3652 -30.0665 -35.1944 -34.5182
-30.3652 -30.0665 -35.1944 -34.5182
-30.3652 -30.0665 -35.1944 -34.5182
-30.3652 -30.0665 -35.1944 -34.5182
-30.3652 -30.0665 -35.1944 -34.5182
-30.3652 -30.0665 -35.1944 -34.5182
-30.3652 -30.0665 -35.1944 -34.5182
-30.3652 -30.0665 -35.1944 -34.5182
-30.3652 -30.0665 -35.1944 -34.5182
-30.3652 -30.0665 -35.1944 -34.5182
-30.3652 -30.0665 -35.1944 -34.5182
-30.3652 -30.0665 -35.1944 -34.5182
-30.3652 -30.0665 -35.1944 -34.5182
-30.3652 -30.0665 -35.1944 -34.5182
-30.3652 -30.0665 -35.1944 -34.5182
-31.0763 -29.8173 -35.3642 -34.5753
-31.0763 -29.8173 -35.3642 -34.5753
-31.0763 -29.8173 -35.3642 -34.5753
-31.0763 -29.8173 -35.3642 -34.5753
-31.0763 -29.8173 -35.3642 -34.5753
-31.0763 -29.8173 -35.3642 -34.5753
-31.0763 -29.8173 -35.3642 -34.5753
-31.0763 -29.8173 -35.3642 -34.5753
-31.0763 -29.8173 -35.3642 -34.5753
-31.0763 -29.8173 -35.3642 -34.5753
-31.0763 -29.8173 -35.3642 -34.5753
-31.0763 -29.8173 -35.3642 -34.5753
-31.0763 -29.8173 -35.3642 -34.5753
-31.0763 -29.8173 -35.3642 -34.5753
-31.0763 -29.8173 -35.3642 -34.5753
-31.0763 -29.8173 -35.3642 -34.5753
-31.0763 -29.8173 -35.3642 -34.5753
-31.0763 -29.8173 -35.3642 -34.5753
-31.0763 -29.8173 -35.3642 -34.5753
-31.0763 -29.8173 -35.3642 -34.5753
-31.0763 -29.8173 -35.3642 -34.5753
-30.4902 -29.9879 -35.1661 -34.6352
-30.4902 -29.9879 -35.1661 -34.6352
-30.4902 -29.9879 -35.1661 -34.6352
-30.4902 -29.9879 -35.1661 -34.6352
-30.4902 -29.9879 -35.1661 -34.6352
-30.4902 -29.9879 -35.1661 -34.6352
-30.4902 -29.9879 -35.1661 -34.6352
-30.4902 -29.9879 -35.1661 -34.6352
-30.4902 -29.9879 -35.1661 -34.6352
-30.4902 -29.9879 -35.1661 -34.6352
-30.4902 -29.9879 -35.1661 -34.6352
-30.4902 -29.9879 -35.1661 -34.6352
-30.4902 -29.9879 -35.1661 -34.6352
-30.4902 -29.9879 -35.1661 -34.6352
-30.4902 -29.9879 -35.1661 -34.6352
-30.4902 -29.9879 -35.1661 -34.6352
-30.4902 -29.9879 -35.1661 -34.6352
-30.4902 -29.9879 -35.1661 -34.6352
-30.4902 -29.9879 -35.1661 -34.6352
-29.4796 -30.2338 -35.8106 -34.6326
-29.4796 -30.2338 -35.8106 -34.6326
-29.4796 -30.2338 -35.8106 -34.6326
-29.4796 -30.2338 -35.8106 -34.6326
-29.4796 -30.2338 -35.8106 -34.6326
-29.4796 -30.2338 -35.8106 -34.6326
-29.4796 -30.2338 -35.8106 -34.6326
-29.4796 -30.2338 -35.8106 -34.6326
-29.4796 -30.2338 -35.8106 -34.6326
-29.4796 -30.2338 -35.8106 -34.6326
-29.4796 -30.2338 -35.8106 -34.6326
-29.4796 -30.2338 -35.8106 -34.6326
-29.4796 -30.2338 -35.8106 -34.6326
-29.4796 -30.2338 -35.8106 -34.6326
-29.4796 -30.2338 -35.8106 -34.6326
-29.4796 -30.2338 -35.8106 -34.6326
-29.4796 -30.2338 -35.8106 -34.6326
-29.4796 -30.2338 -35.8106 -34.6326
-29.4796 -30.2338 -35.8106 -34.6326
-29.4796 -30.2338 -35.8106 -34.6326
-30.9732 -30.3061 -35.1801 -34.3642
-30.9732 -30.3061 -35.1801 -34.3642
-30.9732 -30.3061 -35.1801 -34.3642
-30.9732 -30.3061 -35.1801 -34.3642
-30.9732 -30.3061 -35.1801 -34.3642
-30.9732 -30.3061 -35.1801 -34.3642
-30.9732 -30.3061 -35.1801 -34.3642
-30.9732 -30.3061 -35.1801 -34.3642
-30.9732 -30.3061 -35.1801 -34.3642
-30.9732 -30.3061 -35.1801 -34.3642
-30.9732 -30.3061 -35.1801 -34.3642
-30.9732 -30.3061 -35.1801 -34.3642
-30.9732 -30.3061 -35.1801 -34.3642
-30.9732 -30.3061 -35.1801 -34.3642
-30.9732 -30.3061 -35.1801 -34.3642
-30.9732 -30.3061 -35.1801 -34.3642
-30.9732 -30.3061 -35.1801 -34.3642
-30.9732 -30.3061 -35.1801 -34.3642
-30.9732 -30.3061 -35.1801 -34.3642
-30.9732 -30.3061 -35.1801 -34.3642
-30.9899 -30.3495 -35.6256 -33.9162
-30.9899 -30.3495 -35.6256 -33.9162
-30.9899 -30.3495 -35.6256 -33.9162
-30.9899 -30.3495 -35.6256 -33.9162
-30.9899 -30.3495 -35.6256 -33.9162
-30.9899 -30.3495 -35.6256 -33.9162
-30.9899 -30.3495 -35.6256 -33.9162
-30.9899 -30.3495 -35.6256 -33.9162
-30.9899 -30.3495 -35.6256 -33.9162
-30.9899 -30.3495 -35.6256 -33.9162
-30.9899 -30.3495 -35.6256 -33.9162
-30.9899 -30.3495 -35.6256 -33.9162
-30.9899 -30.3495 -35.6256 -33.9162
-30.9899 -30.3495 -35.6256 -33.9162
-30.9899 -30.3495 -35.6256 -33.9162
-30.9899 -30.3495 -35.6256 -33.9162
-30.9899 -30.3495 -35.6256 -33.9162
-30.9899 -30.3495 -35.6256 -33.9162
-30.9899 -30.3495 -35.6256 -33.9162
-30.9899 -30.3495 -35.6256 -33.9162
-31.7211 -30.7003 -35.1314 -34.6345
-31.7211 -30.7003 -35.1314 -34.6345
-31.7211 -30.7003 -35.1314 -34.6345
-31.7211 -30.7003 -35.1314 -34.6345
-31.7211 -30.7003 -35.1314 -34.6345
-31.7211 -30.7003 -35.1314 -34.6345
-31.7211 -30.7003 -35.1314 -34.6345
-31.7211 -30.7003 -35.1314 -34.6345
-31.7211 -30.7003 -35.1314 -34.6345
-31.7211 -30.7003 -35.1314 -34.6345
-31.7211 -30.7003 -35.1314 -34.6345
-31.7211 -30.7003 -35.1314 -34.6345
-31.7211 -30.7003 -35.1314 -34.6345
-31.7211 -30.7003 -35.1314 -34.6345
-31.7211 -30.7003 -35.1314 -34.6345
-31.7211 -30.7003 -35.1314 -34.6345
-31.7211 -30.7003 -35.1314 -34.6345
-31.7211 -30.7003 -35.1314 -34.6345
-31.7211 -30.7003 -35.1314 -34.6345
-31.7211 -30.7003 -35.1314 -34.6345
-30.7893 -29.6898 -37.1674 -34.0984
-30.7893 -29.6898 -37.1674 -34.0984
-30.7893 -29.6898 -37.1674 -34.0984
-30.7893 -29.6898 -37.1674 -34.0984
-30.7893 -29.6898 -37.1674 -34.0984
-30.7893 -29.6898 -37.1674 -34.0984
-30.7893 -29.6898 -37.1674 -34.0984
-30.7893 -29.6898 -37.1674 -34.0984
-30.7893 -29.6898 -37.1674 -34.0984
-30.7893 -29.6898 -37.1674 -34.0984
-30.7893 -29.6898 -37.1674 -34.0984
-30.7893 -29.6898 -37.1674 -34.0984
-30.7893 -29.6898 -37.1674 -34.0984
-30.7893 -29.6898 -37.1674 -34.0984
-30.7893 -29.6898 -37.1674 -34.0984
-30.7893 -29.6898 -37.1674 -34.0984
-30.7893 -29.6898 -37.1674 -34.0984
-30.7893 -29.6898 -37.1674 -34.0984
-30.7893 -29.6898 -37.1674 -34.0984
-30.7893 -29.6898 -37.1674 -34.0984
-30.8333 -30.1776 -36.1002 -34.3397
-30.8333 -30.1776 -36.1002 -34.3397
-30.8333 -30.1776 -36.1002 -34.3397
-30.8333 -30.1776 -36.1002 -34.3397
-30.8333 -30.1776 -36.1002 -34.3397
-30.8333 -30.1776 -36.1002 -34.3397
-30.8333 -30.1776 -36.1002 -34.3397
-30.8333 -30.1776 -36.1002 -34.3397
-30.8333 -30.1776 -36.1002 -34.3397
-30.8333 -30.1776 -36.1002 -34.3397
-30.8333 -30.1776 -36.1002 -34.3397
-30.8333 -30.1776 -36.1002 -34.3397
-30.8333 -30.1776 -36.1002 -34.3397
-30.8333 -30.1776 -36.1002 -34.3397
-30.8333 -30.1776 -36.1002 -34.3397
-30.8333 -30.1776 -36.1002 -34.3397
-30.8333 -30.1776 -36.1002 -34.3397
-30.8333 -30.1776 -36.1002 -34.3397
-30.8333 -30.1776 -36.1002 -34.3397
-30.8333 -30.1776 -36.1002 -34.3397
-30.7158 -29.5794 -35.3201 -34.6933
-30.7158 -29.5794 -35.3201 -34.6933
-30.7158 -29.5794 -35.3201 -34.6933
-30.7158 -29.5794 -35.3201 -34.6933
-30.7158 -29.5794 -35.3201 -34.6933
-30.7158 -29.5794 -35.3201 -34.6933
-30.7158 -29.5794 -35.3201 -34.6933
-30.7158 -29.5794 -35.3201 -34.6933
-30.7158 -29.5794 -35.3201 -34.6933
-30.7158 -29.5794 -35.3201 -34.6933
-30.7158 -29.5794 -35.3201 -34.6933
-30.7158 -29.5794 -35.3201 -34.6933
-30.7158 -29.5794 -35.3201 -34.6933
-30.7158 -29.5794 -35.3201 -34.6933
-30.7158 -29.5794 -35.3201 -34.6933
-30.7158 -29.5794 -35.3201 -34.6933
-30.7158 -29.5794 -35.3201 -34.6933
-30.7158 -29.5794 -35.3201 -34.6933
-30.7158 -29.5794 -35.3201 -34.6933
-30.7158 -29.5794 -35.3201 -34.6933
-30.6776 -29.6101 -35.4599 -35.1018
-30.6776 -29.6101 -35.4599 -35.1018
-30.6776 -29.6101 -35.4599 -35.1018
-30.6776 -29.6101 -35.4599 -35.1018
-30.6776 -29.6101 -35.4599 -35.1018
-30.6776 -29.6101 -35.4599 -35.1018
-30.6776 -29.6101 -35.4599 -35.1018
-30.6776 -29.6101 -35.4599 -35.1018
-30.6776 -29.6101 -35.4599 -35.1018
-30.6776 -29.6101 -35.4599 -35.1018
-30.6776 -29.6101 -35.4599 -35.1018
-30.6776 -29.6101 -35.4599 -35.1018
-30.6776 -29.6101 -35.4599 -35.1018
-30.6776 -29.6101 -35.4599 -35.1018
-30.6776 -29.6101 -35.4599 -35.1018
-30.6776 -29.6101 -35.4599 -35.1018
-30.6776 -29.6101 -35.4599 -35.1018
-30.6776 -29.6101 -35.4599 -35.1018
-30.6776 -29.6101 -35.4599 -35.1018
-30.6776 -29.6101 -35.4599 -35.1018
-31.5701 -29.6898 -34.4883 -33.6028
-31.5701 -29.6898 -34.4883 -33.6028
-31.5701 -29.6898 -34.4883 -33.6028
-31.5701 -29.6898 -34.4883 -33.6028
-31.5701 -29.6898 -34.4883 -33.6028
-31.5701 -29.6898 -34.4883 -33.6028
-31.5701 -29.6898 -34.4883 -33.6028
-31.5701 -29.6898 -34.4883 -33.6028
-31.5701 -29.6898 -34.4883 -33.6028
-31.5701 -29.6898 -34.4883 -33.6028
-31.5701 -29.6898 -34.4883 -33.6028
-31.5701 -29.6898 -34.4883 -33.6028
-31.5701 -29.6898 -34.4883 -33.6028
-31.5701 -29.6898 -34.4883 -33.6028
-31.5701 -29.6898 -34.4883 -33.6028
-31.5701 -29.6898 -34.4883 -33.6028
-31.5701 -29.6898 -34.4883 -33.6028
-31.5701 -29.6898 -34.4883 -33.6028
-31.5701 -29.6898 -34.4883 -33.6028
-31.5701 -29.6898 -34.4883 -33.6028
-31.8968 -30.407 -34.7664 -35.5494
-31.8968 -30.407 -34.7664 -35.5494
-31.8968 -30.407 -34.7664 -35.5494
-31.8968 -30.407 -34.7664 -35.5494
-31.8968 -30.407 -34.7664 -35.5494
-31.8968 -30.407 -34.7664 -35.5494
-31.8968 -30.407 -34.7664 -35.5494
-31.8968 -30.407 -34.7664 -35.5494
-31.8968 -30.407 -34.7664 -35.5494
-31.8968 -30.407 -34.7664 -35.5494
-31.8968 -30.407 -34.7664 -35.5494
-31.8968 -30.407 -34.7664 -35.5494
-31.8968 -30.407 -34.7664 -35.5494
-31.8968 -30.407 -34.7664 -35.5494
-31.8968 -30.407 -34.7664 -35.5494
-31.8968 -30.407 -34.7664 -35.5494
-31.8968 -30.407 -34.7664 -35.5494
-31.8968 -30.407 -34.7664 -35.5494
-31.8968 -30.407 -34.7664 -35.5494
-31.8968 -30.407 -34.7664 -35.5494
-30.6084 -29.8679 -36.4665 -34.7454
-30.6084 -29.8679 -36.4665 -34.7454
-30.6084 -29.8679 -36.4665 -34.7454
-30.6084 -29.8679 -36.4665 -34.7454
-30.6084 -29.8679 -36.4665 -34.7454
-30.6084 -29.8679 -36.4665 -34.7454
-30.6084 -29.8679 -36.4665 -34.7454
-30.6084 -29.8679 -36.4665 -34.7454
-30.6084 -29.8679 -36.4665 -34.7454
-30.6084 -29.8679 -36.4665 -34.7454
-30.6084 -29.8679 -36.4665 -34.7454
-30.6084 -29.8679 -36.4665 -34.7454
-30.6084 -29.8679 -36.4665 -34.7454
-30.6084 -29.8679 -36.4665 -34.7454
-30.6084 -29.8679 -36.4665 -34.7454
-30.6084 -29.8679 -36.4665 -34.7454
-30.6084 -29.8679 -36.4665 -34.7454
-30.6084 -29.8679 -36.4665 -34.7454
-30.6084 -29.8679 -36.4665 -34.7454
-30.6084 -29.8679 -36.4665 -34.7454
-31.1564 -29.6052 -35.0825 -34.4289
-31.1564 -29.6052 -35.0825 -34.4289
-31.1564 -29.6052 -35.0825 -34.4289
-31.1564 -29.6052 -35.0825 -34.4289
-31.1564 -29.6052 -35.0825 -34.4289
-31.1564 -29.6052 -35.0825 -34.4289
-31.1564 -29.6052 -35.0825 -34.4289
-31.1564 -29.6052 -35.0825 -34.4289
-31.1564 -29.6052 -35.0825 -34.4289
-31.1564 -29.6052 -35.0825 -34.4289
-31.1564 -29.6052 -35.0825 -34.4289
-31.1564 -29.6052 -35.0825 -34.4289
-31.1564 -29.6052 -35.0825 -34.4289
-31.1564 -29.6052 -35.0825 -34.4289
-31.1564 -29.6052 -35.0825 -34.4289
-31.1564 -29.6052 -35.0825 -34.4289
-31.1564 -29.6052 -35.0825 -34.4289
-31.1564 -29.6052 -35.0825 -34.4289
-31.1564 -29.6052 -35.0825 -34.4289
-31.1564 -29.6052 -35.0825 -34.4289
-30.4325 -29.9953 -35.198 -35.1431
-30.4325 -29.9953 -35.198 -35.1431
-30.4325 -29.9953 -35.198 -35.1431
-30.4325 -29.9953 -35.198 -35.1431
-30.4325 -29.9953 -35.198 -35.1431
-30.4325 -29.9953 -35.198 -35.1431
-30.4325 -29.9953 -35.198 -35.1431
-30.4325 -29.9953 -35.198 -35.1431
-30.4325 -29.9953 -35.198 -35.1431
-30.4325 -29.9953 -35.198 -35.1431
-30.4325 -29.9953 -35.198 -35.1431
-30.4325 -29.9953 -35.198 -35.1431
-30.4325 -29.9953 -35.198 -35.1431
-30.4325 -29.9953 -35.198 -35.1431
-30.4325 -29.9953 -35.198 -35.1431
-30.4325 -29.9953 -35.198 -35.1431
-30.4325 -29.9953 -35.198 -35.1431
-30.4325 -29.9953 -35.198 -35.1431
-30.4325 -29.9953 -35.198 -35.1431
-30.4325 -29.9953 -35.198 -35.1431
-29.6513 -29.8152 -34.9174 -34.9892
-29.6513 -29.8152 -34.9174 -34.9892
-29.6513 -29.8152 -34.9174 -34.9892
-29.6513 -29.8152 -34.9174 -34.9892
-29.6513 -29.8152 -34.9174 -34.9892
-29.6513 -29.8152 -34.9174 -34.9892
-29.6513 -29.8152 -34.9174 -34.9892
-29.6513 -29.8152 -34.9174 -34.9892
-29.6513 -29.8152 -34.9174 -34.9892
-29.6513 -29.8152 -34.9174 -34.9892
-29.6513 -29.8152 -34.9174 -34.9892
-29.6513 -29.8152 -34.9174 -34.9892
-29.6513 -29.8152 -34.9174 -34.9892
-29.6513 -29.8152 -34.9174 -34.9892
-29.6513 -29.8152 -34.9174 -34.9892
-29.6513 -29.8152 -34.9174 -34.9892
-29.6513 -29.8152 -34.9174 -34.9892
-29.6513 -29.8152 -34.9174 -34.9892
-29.6513 -29.8152 -34.9174 -34.9892
-29.6513 -29.8152 -34.9174 -34.9892
-30.4393 -29.4441 -34.8855 -34.9055
-30.4393 -29.4441 -34.8855 -34.9055
-30.4393 -29.4441 -34.8855 -34.9055
-30.4393 -29.4441 -34.8855 -34.9055
-30.4393 -29.4441 -34.8855 -34.9055
-30.4393 -29.4441 -34.8855 -34.9055
-30.4393 -29.4441 -34.8855 -34.9055
-30.4393 -29.4441 -34.8855 -34.9055
-30.4393 -29.4441 -34.8855 -34.9055
-30.4393 -29.4441 -34.8855 -34.9055
-30.4393 -29.4441 -34.8855 -34.9055
-30.4393 -29.4441 -34.8855 -34.9055
-30.4393 -29.4441 -34.8855 -34.9055
-30.4393 -29.4441 -34.8855 -34.9055
-30.4393 -29.4441 -34.8855 -34.9055
-30.4393 -29.4441 -34.8855 -34.9055
-30.4393 -29.4441 -34.8855 -34.9055
-30.4393 -29.4441 -34.8855 -34.9055
-30.4393 -29.4441 -34.8855 -34.9055
-30.4393 -29.4441 -34.8855 -34.9055
-29.8844 -29.8937 -35.2939 -34.7755
-29.8844 -29.8937 -35.2939 -34.7755
-29.8844 -29.8937 -35.2939 -34.7755
-29.8844 -29.8937 -35.2939 -34.7755
-29.8844 -29.8937 -35.2939 -34.7755
-29.8844 -29.8937 -35.2939 -34.7755
-29.8844 -29.8937 -35.2939 -34.7755
-29.8844 -29.8937 -35.2939 -34.7755
-29.8844 -29.8937 -35.2939 -34.7755
-29.8844 -29.8937 -35.2939 -34.7755
-29.8844 -29.8937 -35.2939 -34.7755
-29.8844 -29.8937 -35.2939 -34.7755
-29.8844 -29.8937 -35.2939 -34.7755
-29.8844 -29.8937 -35.2939 -34.7755
-29.8844 -29.8937 -35.2939 -34.7755
-29.8844 -29.8937 -35.2939 -34.7755
-29.8844 -29.8937 -35.2939 -34.7755
-29.8844 -29.8937 -35.2939 -34.7755
-29.8844 -29.8937 -35.2939 -34.7755
-29.8844 -29.8937 -35.2939 -34.7755
-30.5124 -29.9808 -34.8344 -34.4317
-30.5124 -29.9808 -34.8344 -34.4317
-30.5124 -29.9808 -34.8344 -34.4317
-30.5124 -29.9808 -34.8344 -34.4317
-30.5124 -29.9808 -34.8344 -34.4317
-30.5124 -29.9808 -34.8344 -34.4317
-30.5124 -29.9808 -34.8344 -34.4317
-30.5124 -29.9808 -34.8344 -34.4317
-30.5124 -29.9808 -34.8344 -34.4317
-30.5124 -29.9808 -34.8344 -34.4317
-30.5124 -29.9808 -34.8344 -34.4317
-30.5124 -29.9808 -34.8344 -34.4317
-30.5124 -29.9808 -34.8344 -34.4317
-30.5124 -29.9808 -34.8344 -34.4317
-30.5124 -29.9808 -34.8344 -34.4317
-30.5124 -29.9808 -34.8344 -34.4317
-30.5124 -29.9808 -34.8344 -34.4317
-30.5124 -29.9808 -34.8344 -34.4317
-30.5124 -29.9808 -34.8344 -34.4317
-30.5124 -29.9808 -34.8344 -34.4317
-29.8616 -30.1504 -34.9192 -35.077
-29.8616 -30.1504 -34.9192 -35.077
-29.8616 -30.1504 -34.9192 -35.077
-29.8616 -30.1504 -34.9192 -35.077
-29.8616 -30.1504 -34.9192 -35.077
-29.8616 -30.1504 -34.9192 -35.077
-29.8616 -30.1504 -34.9192 -35.077
-29.8616 -30.1504 -34.9192 -35.077
-29.8616 -30.1504 -34.9192 -35.077
-29.8616 -30.1504 -34.9192 -35.077
-29.8616 -30.1504 -34.9192 -35.077
-29.8616 -30.1504 -34.9192 -35.077
-29.8616 -30.1504 -34.9192 -35.077
-29.8616 -30.1504 -34.9192 -35.077
-29.8616 -30.1504 -34.9192 -35.077
-29.8616 -30.1504 -34.9192 -35.077
-29.8616 -30.1504 -34.9192 -35.077
-29.8616 -30.1504 -34.9192 -35.077
-29.8616 -30.1504 -34.9192 -35.077
-29.8616 -30.1504 -34.9192 -35.077
-31.2364 -29.4388 -35.7398 -34.6407
-31.2364 -29.4388 -35.7398 -34.6407
-31.2364 -29.4388 -35.7398 -34.6407
-31.2364 -29.4388 -35.7398 -34.6407
-31.2364 -29.4388 -35.7398 -34.6407
-31.2364 -29.4388 -35.7398 -34.6407
-31.2364 -29.4388 -35.7398 -34.6407
-31.2364 -29.4388 -35.7398 -34.6407
-31.2364 -29.4388 -35.7398 -34.6407
-31.2364 -29.4388 -35.7398 -34.6407
-31.2364 -29.4388 -35.7398 -34.6407
-31.2364 -29.4388 -35.7398 -34.6407
-31.2364 -29.4388 -35.7398 -34.6407
-31.2364 -29.4388 -35.7398 -34.6407
-31.2364 -29.4388 -35.7398 -34.6407
-31.2364 -29.4388 -35.7398 -34.6407
-31.2364 -29.4388 -35.7398 -34.6407
-31.2364 -29.4388 -35.7398 -34.6407
-31.2364 -29.4388 -35.7398 -34.6407
-31.2364 -29.4388 -35.7398 -34.6407
-30.6387 -30.4344 -33.8903 -34.4207
-30.6387 -30.4344 -33.8903 -34.4207
-30.6387 -30.4344 -33.8903 -34.4207
-30.6387 -30.4344 -33.8903 -34.4207
-30.6387 -30.4344 -33.8903 -34.4207
-30.6387 -30.4344 -33.8903 -34.4207
-30.6387 -30.4344 -33.8903 -34.4207
-30.6387 -30.4344 -33.8903 -34.4207
-30.6387 -30.4344 -33.8903 -34.4207
-30.6387 -30.4344 -33.8903 -34.4207
-30.6387 -30.4344 -33.8903 -34.4207
-30.6387 -30.4344 -33.8903 -34.4207
-30.6387 -30.4344 -33.8903 -34.4207
-30.6387 -30.4344 -33.8903 -34.4207
-30.6387 -30.4344 -33.8903 -34.4207
-30.6387 -30.4344 -33.8903 -34.4207
-30.6387 -30.4344 -33.8903 -34.4207
-30.6387 -30.4344 -33.8903 -34.4207
-30.6387 -30.4344 -33.8903 -34.4207
-30.6387 -30.4344 -33.8903 -34.4207
-30.3252 -29.7965 -35.1679 -34.8049
-30.3252 -29.7965 -35.1679 -34.8049
-30.3252 -29.7965 -35.1679 -34.8049
-30.3252 -29.7965 -35.1679 -34.8049
-30.3252 -29.7965 -35.1679 -34.8049
-30.3252 -29.7965 -35.1679 -34.8049
-30.3252 -29.7965 -35.1679 -34.8049
-30.3252 -29.7965 -35.1679 -34.8049
-30.3252 -29.7965 -35.1679 -34.8049
-30.3252 -29.7965 -35.1679 -34.8049
-30.3252 -29.7965 -35.1679 -34.8049
-30.3252 -29.7965 -35.1679 -34.8049
-30.3252 -29.7965 -35.1679 -34.8049
-30.3252 -29.7965 -35.1679 -34.8049
-30.3252 -29.7965 -35.1679 -34.8049
-30.3252 -29.7965 -35.1679 -34.8049
-30.3252 -29.7965 -35.1679 -34.8049
-30.3252 -29.7965 -35.1679 -34.8049
-30.3252 -29.7965 -35.1679 -34.8049
-30.3252 -29.7965 -35.1679 -34.8049
-30.1528 -29.8721 -35.7803 -34.6122
-30.1528 -29.8721 -35.7803 -34.6122
-30.1528 -29.8721 -35.7803 -34.6122
-30.1528 -29.8721 -35.7803 -34.6122
-30.1528 -29.8721 -35.7803 -34.6122
-30.1528 -29.8721 -35.7803 -34.6122
-30.1528 -29.8721 -35.7803 -34.6122
-30.1528 -29.8721 -35.7803 -34.6122
-30.1528 -29.8721 -35.7803 -34.6122
-30.1528 -29.8721 -35.7803 -34.6122
-30.1528 -29.8721 -35.7803 -34.6122
-30.1528 -29.8721 -35.7803 -34.6122
-30.1528 -29.8721 -35.7803 -34.6122
-30.1528 -29.8721 -35.7803 -34.6122
-30.1528 -29.8721 -35.7803 -34.6122
-30.1528 -29.8721 -35.7803 -34.6122
-30.1528 -29.8721 -35.7803 -34.6122
-30.1528 -29.8721 -35.7803 -34.6122
-30.1528 -29.8721 -35.7803 -34.6122
-30.1528 -29.8721 -35.7803 -34.6122
-30.1528 -29.8721 -35.7803 -34.6122
-30.8582 -30.0779 -35.253 -34.7753
-30.8582 -30.0779 -35.253 -34.7753
-30.8582 -30.0779 -35.253 -34.7753
-30.8582 -30.0779 -35.253 -34.7753
-30.8582 -30.0779 -35.253 -34.7753
-30.8582 -30.0779 -35.253 -34.7753
-30.8582 -30.0779 -35.253 -34.7753
-30.8582 -30.0779 -35.253 -34.7753
-30.8582 -30.0779 -35.253 -34.7753
-30.8582 -30.0779 -35.253 -34.7753
-30.8582 -30.0779 -35.253 -34.7753
-30.8582 -30.0779 -35.253 -34.7753
-30.8582 -30.0779 -35.253 -34.7753
-30.8582 -30.0779 -35.253 -34.7753
-30.8582 -30.0779 -35.253 -34.7753
-30.8582 -30.0779 -35.253 -34.7753
-30.8582 -30.0779 -35.253 -34.7753
-30.8582 -30.0779 -35.253 -34.7753
-30.8582 -30.0779 -35.253 -34.7753
-30.8673 -29.5165 -35.5835 -35.4279
-30.8673 -29.5165 -35.5835 -35.4279
-30.8673 -29.5165 -35.5835 -35.4279
-30.8673 -29.5165 -35.5835 -35.4279
-30.8673 -29.5165 -35.5835 -35.4279
-30.8673 -29.5165 -35.5835 -35.4279
-30.8673 -29.5165 -35.5835 -35.4279
-30.8673 -29.5165 -35.5835 -35.4279
-30.8673 -29.5165 -35.5835 -35.4279
-30.8673 -29.5165 -35.5835 -35.4279
-30.8673 -29.5165 -35.5835 -35.4279
-30.8673 -29.5165 -35.5835 -35.4279
-30.8673 -29.5165 -35.5835 -35.4279
-30.8673 -29.5165 -35.5835 -35.4279
-30.8673 -29.5165 -35.5835 -35.4279
-30.8673 -29.5165 -35.5835 -35.4279
-30.8673 -29.5165 -35.5835 -35.4279
-30.8673 -29.5165 -35.5835 -35.4279
-30.8673 -29.5165 -35.5835 -35.4279
-30.8673 -29.5165 -35.5835 -35.4279
-30.3372 -30.1606 -35.9654 -34.8029
-30.3372 -30.1606 -35.9654 -34.8029
-30.3372 -30.1606 -35.9654 -34.8029
-30.3372 -30.1606 -35.9654 -34.8029
-30.3372 -30.1606 -35.9654 -34.8029
-30.3372 -30.1606 -35.9654 -34.8029
-30.3372 -30.1606 -35.9654 -34.8029
-30.3372 -30.1606 -35.9654 -34.8029
-30.3372 -30.1606 -35.9654 -34.8029
-30.3372 -30.1606 -35.9654 -34.8029
-30.3372 -30.1606 -35.9654 -34.8029
-30.3372 -30.1606 -35.9654 -34.8029
-30.3372 -30.1606 -35.9654 -34.8029
-30.3372 -30.1606 -35.9654 -34.8029
-30.3372 -30.1606 -35.9654 -34.8029
-30.3372 -30.1606 -35.9654 -34.8029
-30.3372 -30.1606 -35.9654 -34.8029
-30.3372 -30.1606 -35.9654 -34.8029
-30.3372 -30.1606 -35.9654 -34.8029
-30.3372 -30.1606 -35.9654 -34.8029
-30.5061 -29.3558 -35.1386 -34.5281
-30.5061 -29.3558 -35.1386 -34.5281
-30.5061 -29.3558 -35.1386 -34.5281
-30.5061 -29.3558 -35.1386 -34.5281
-30.5061 -29.3558 -35.1386 -34.5281
-30.5061 -29.3558 -35.1386 -34.5281
-30.5061 -29.3558 -35.1386 -34.5281
-30.5061 -29.3558 -35.1386 -34.5281
-30.5061 -29.3558 -35.1386 -34.5281
-30.5061 -29.3558 -35.1386 -34.5281
-30.5061 -29.3558 -35.1386 -34.5281
-30.5061 -29.3558 -35.1386 -34.5281
-30.5061 -29.3558 -35.1386 -34.5281
-30.5061 -29.3558 -35.1386 -34.5281
-30.5061 -29.3558 -35.1386 -34.5281
-30.5061 -29.3558 -35.1386 -34.5281
-30.5061 -29.3558 -35.1386 -34.5281
-30.5061 -29.3558 -35.1386 -34.5281
-30.5061 -29.3558 -35.1386 -34.5281
-30.5061 -29.3558 -35.1386 -34.5281
-31.9231 -29.8957 -36.0921 -34.6718
-31.9231 -29.8957 -36.0921 -34.6718
-31.9231 -29.8957 -36.0921 -34.6718
-31.9231 -29.8957 -36.0921 -34.6718
-31.9231 -29.8957 -36.0921 -34.6718
-31.9231 -29.8957 -36.0921 -34.6718
-31.9231 -29.8957 -36.0921 -34.6718
-31.9231 -29.8957 -36.0921 -34.6718
-31.9231 -29.8957 -36.0921 -34.6718
-31.9231 -29.8957 -36.0921 -34.6718
-31.9231 -29.8957 -36.0921 -34.6718
-31.9231 -29.8957 -36.0921 -34.6718
-31.9231 -29.8957 -36.0921 -34.6718
-31.9231 -29.8957 -36.0921 -34.6718
-31.9231 -29.8957 -36.0921 -34.6718
-31.9231 -29.8957 -36.0921 -34.6718
-31.9231 -29.8957 -36.0921 -34.6718
-31.9231 -29.8957 -36.0921 -34.6718
-31.9231 -29.8957 -36.0921 -34.6718
-31.9231 -29.8957 -36.0921 -34.6718
-30.6136 -29.4144 -35.566 -35.196
-30.6136 -29.4144 -35.566 -35.196
-30.6136 -29.4144 -35.566 -35.196
-30.6136 -29.4144 -35.566 -35.196
-30.6136 -29.4144 -35.566 -35.196
-30.6136 -29.4144 -35.566 -35.196
-30.6136 -29.4144 -35.566 -35.196
-30.6136 -29.4144 -35.566 -35.196
-30.6136 -29.4144 -35.566 -35.196
-30.6136 -29.4144 -35.566 -35.196
-30.6136 -29.4144 -35.566 -35.196
-30.6136 -29.4144 -35.566 -35.196
-30.6136 -29.4144 -35.566 -35.196
-30.6136 -29.4144 -35.566 -35.196
-30.6136 -29.4144 -35.566 -35.196
-30.6136 -29.4144 -35.566 -35.196
-30.6136 -29.4144 -35.566 -35.196
-30.6136 -29.4144 -35.566 -35.196
-30.6136 -29.4144 -35.566 -35.196
-30.6136 -29.4144 -35.566 -35.196
-29.9696 -29.8559 -34.4681 -34.5831
-29.9696 -29.8559 -34.4681 -34.5831
-29.9696 -29.8559 -34.4681 -34.5831
-29.9696 -29.8559 -34.4681 -34.5831
-29.9696 -29.8559 -34.4681 -34.5831
-29.9696 -29.8559 -34.4681 -34.5831
-29.9696 -29.8559 -34.4681 -34.5831
-29.9696 -29.8559 -34.4681 -34.5831
-29.9696 -29.8559 -34.4681 -34.5831
-29.9696 -29.8559 -34.4681 -34.5831
-29.9696 -29.8559 -34.4681 -34.5831
-29.9696 -29.8559 -34.4681 -34.5831
-29.9696 -29.8559 -34.4681 -34.5831
-29.9696 -29.8559 -34.4681 -34.5831
-29.9696 -29.8559 -34.4681 -34.5831
-29.9696 -29.8559 -34.4681 -34.5831
-29.9696 -29.8559 -34.4681 -34.5831
-29.9696 -29.8559 -34.4681 -34.5831
-29.9696 -29.8559 -34.4681 -34.5831
-29.9696 -29.8559 -34.4681 -34.5831
-29.7543 -29.746 -35.0697 -34.4109
-29.7543 -29.746 -35.0697 -34.4109
-29.7543 -29.746 -35.0697 -34.4109
-29.7543 -29.746 -35.0697 -34.4109
-29.7543 -29.746 -35.0697 -34.4109
-29.7543 -29.746 -35.0697 -34.4109
-29.7543 -29.746 -35.0697 -34.4109
-29.7543 -29.746 -35.0697 -34.4109
-29.7543 -29.746 -35.0697 -34.4109
-29.7543 -29.746 -35.0697 -34.4109
-29.7543 -29.746 -35.0697 -34.4109
-29.7543 -29.746 -35.0697 -34.4109
-29.7543 -29.746 -35.0697 -34.4109
-29.7543 -29.746 -35.0697 -34.4109
-29.7543 -29.746 -35.0697 -34.4109
-29.7543 -29.746 -35.0697 -34.4109
-29.7543 -29.746 -35.0697 -34.4109
-29.7543 -29.746 -35.0697 -34.4109
-29.7543 -29.746 -35.0697 -34.4109
-29.7543 -29.746 -35.0697 -34.4109
-30.7656 -29.3861 -35.5848 -34.1875
-30.7656 -29.3861 -35.5848 -34.1875
-30.7656 -29.3861 -35.5848 -34.1875
-30.7656 -29.3861 -35.5848 -34.1875
-30.7656 -29.3861 -35.5848 -34.1875
-30.7656 -29.3861 -35.5848 -34.1875
-30.7656 -29.3861 -35.5848 -34.1875
-30.7656 -29.3861 -35.5848 -34.1875
-30.7656 -29.3861 -35.5848 -34.1875
-30.7656 -29.3861 -35.5848 -34.1875
-30.7656 -29.3861 -35.5848 -34.1875
-30.7656 -29.3861 -35.5848 -34.1875
-30.7656 -29.3861 -35.5848 -34.1875
-30.7656 -29.3861 -35.5848 -34.1875
-30.7656 -29.3861 -35.5848 -34.1875
-30.7656 -29.3861 -35.5848 -34.1875
-30.7656 -29.3861 -35.5848 -34.1875
-30.7656 -29.3861 -35.5848 -34.1875
-30.7656 -29.3861 -35.5848 -34.1875
-30.7656 -29.3861 -35.5848 -34.1875
-31.1595 -29.7254 -35.5028 -34.9644
-31.1595 -29.7254 -35.5028 -34.9644
-31.1595 -29.7254 -35.5028 -34.9644
-31.1595 -29.7254 -35.5028 -34.9644
-31.1595 -29.7254 -35.5028 -34.9644
-31.1595 -29.7254 -35.5028 -34.9644
-31.1595 -29.7254 -35.5028 -34.9644
-31.1595 -29.7254 -35.5028 -34.9644
-31.1595 -29.7254 -35.5028 -34.9644
-31.1595 -29.7254 -35.5028 -34.9644
-31.1595 -29.7254 -35.5028 -34.9644
-31.1595 -29.7254 -35.5028 -34.9644
-31.1595 -29.7254 -35.5028 -34.9644
-31.1595 -29.7254 -35.5028 -34.9644
-31.1595 -29.7254 -35.5028 -34.9644
-31.1595 -29.7254 -35.5028 -34.9644
-31.1595 -29.7254 -35.5028 -34.9644
-31.1595 -29.7254 -35.5028 -34.9644
-31.1595 -29.7254 -35.5028 -34.9644
-31.1595 -29.7254 -35.5028 -34.9644
-31.2833 -29.8491 -35.2736 -34.8936
-31.2833 -29.8491 -35.2736 -34.8936
-31.2833 -29.8491 -35.2736 -34.8936
-31.2833 -29.8491 -35.2736 -34.8936
-31.2833 -29.8491 -35.2736 -34.8936
-31.2833 -29.8491 -35.2736 -34.8936
-31.2833 -29.8491 -35.2736 -34.8936
-31.2833 -29.8491 -35.2736 -34.8936
-31.2833 -29.8491 -35.2736 -34.8936
-31.2833 -29.8491 -35.2736 -34.8936
-31.2833 -29.8491 -35.2736 -34.8936
-31.2833 -29.8491 -35.2736 -34.8936
-31.2833 -29.8491 -35.2736 -34.8936
-31.2833 -29.8491 -35.2736 -34.8936
-31.2833 -29.8491 -35.2736 -34.8936
-31.2833 -29.8491 -35.2736 -34.8936
-31.2833 -29.8491 -35.2736 -34.8936
-31.2833 -29.8491 -35.2736 -34.8936
-31.2833 -29.8491 -35.2736 -34.8936
-31.2833 -29.8491 -35.2736 -34.8936
-30.9998 -29.7042 -34.408 -34.7054
-30.9998 -29.7042 -34.408 -34.7054
-30.9998 -29.7042 -34.408 -34.7054
-30.9998 -29.7042 -34.408 -34.7054
-30.9998 -29.7042 -34.408 -34.7054
-30.9998 -29.7042 -34.408 -34.7054
-30.9998 -29.7042 -34.408 -34.7054
-30.9998 -29.7042 -34.408 -34.7054
-30.9998 -29.7042 -34.408 -34.7054
-30.9998 -29.7042 -34.408 -34.7054
-30.9998 -29.7042 -34.408 -34.7054
-30.9998 -29.7042 -34.408 -34.7054
-30.9998 -29.7042 -34.408 -34.7054
-30.9998 -29.7042 -34.408 -34.7054
-30.9998 -29.7042 -34.408 -34.7054
-30.9998 -29.7042 -34.408 -34.7054
-30.9998 -29.7042 -34.408 -34.7054
-30.9998 -29.7042 -34.408 -34.7054
-30.9998 -29.7042 -34.408 -34.7054
-30.9998 -29.7042 -34.408 -34.7054
-29.5786 -30.2543 -34.8909 -35.0482
-29.5786 -30.2543 -34.8909 -35.0482
-29.5786 -30.2543 -34.8909 -35.0482
-29.5786 -30.2543 -34.8909 -35.0482
-29.5786 -30.2543 -34.8909 -35.0482
-29.5786 -30.2543 -34.8909 -35.0482
-29.5786 -30.2543 -34.8909 -35.0482
-29.5786 -30.2543 -34.8909 -35.0482
-29.5786 -30.2543 -34.8909 -35.0482
-29.5786 -30.2543 -34.8909 -35.0482
-29.5786 -30.2543 -34.8909 -35.0482
-29.5786 -30.2543 -34.8909 -35.0482
-29.5786 -30.2543 -34.8909 -35.0482
-29.5786 -30.2543 -34.8909 -35.0482
-29.5786 -30.2543 -34.8909 -35.0482
-29.5786 -30.2543 -34.8909 -35.0482
-29.5786 -30.2543 -34.8909 -35.0482
-29.5786 -30.2543 -34.8909 -35.0482
-29.5786 -30.2543 -34.8909 -35.0482
-29.5786 -30.2543 -34.8909 -35.0482
-30.055 -29.5631 -36.3949 -34.8914
-30.055 -29.5631 -36.3949 -34.8914
-30.055 -29.5631 -36.3949 -34.8914
-30.055 -29.5631 -36.3949 -34.8914
-30.055 -29.5631 -36.3949 -34.8914
-30.055 -29.5631 -36.3949 -34.8914
-30.055 -29.5631 -36.3949 -34.8914
-30.055 -29.5631 -36.3949 -34.8914
-30.055 -29.5631 -36.3949 -34.8914
-30.055 -29.5631 -36.3949 -34.8914
-30.055 -29.5631 -36.3949 -34.8914
-30.055 -29.5631 -36.3949 -34.8914
-30.055 -29.5631 -36.3949 -34.8914
-30.055 -29.5631 -36.3949 -34.8914
-30.055 -29.5631 -36.3949 -34.8914
-30.055 -29.5631 -36.3949 -34.8914
-30.055 -29.5631 -36.3949 -34.8914
-30.055 -29.5631 -36.3949 -34.8914
-30.055 -29.5631 -36.3949 -34.8914
-30.055 -29.5631 -36.3949 -34.8914
-30.2858 -29.9798 -35.0247 -35.1342
-30.2858 -29.9798 -35.0247 -35.1342
-30.2858 -29.9798 -35.0247 -35.1342
-30.2858 -29.9798 -35.0247 -35.1342
-30.2858 -29.9798 -35.0247 -35.1342
-30.2858 -29.9798 -35.0247 -35.1342
-30.2858 -29.9798 -35.0247 -35.1342
-30.2858 -29.9798 -35.0247 -35.1342
-30.2858 -29.9798 -35.0247 -35.1342
-30.2858 -29.9798 -35.0247 -35.1342
-30.2858 -29.9798 -35.0247 -35.1342
-30.2858 -29.9798 -35.0247 -35.1342
-30.2858 -29.9798 -35.0247 -35.1342
-30.2858 -29.9798 -35.0247 -35.1342
-30.2858 -29.9798 -35.0247 -35.1342
-30.2858 -29.9798 -35.0247 -35.1342
-30.2858 -29.9798 -35.0247 -35.1342
-30.2858 -29.9798 -35.0247 -35.1342
-30.2858 -29.9798 -35.0247 -35.1342
-30.2858 -29.9798 -35.0247 -35.1342
-29.7596 -29.9231 -36.9689 -34.4751
-29.7596 -29.9231 -36.9689 -34.4751
-29.7596 -29.9231 -36.9689 -34.4751
-29.7596 -29.9231 -36.9689 -34.4751
-29.7596 -29.9231 -36.9689 -34.4751
-29.7596 -29.9231 -36.9689 -34.4751
-29.7596 -29.9231 -36.9689 -34.4751
-29.7596 -29.9231 -36.9689 -34.4751
-29.7596 -29.9231 -36.9689 -34.4751
-29.7596 -29.9231 -36.9689 -34.4751
-29.7596 -29.9231 -36.9689 -34.4751
-29.7596 -29.9231 -36.9689 -34.4751
-29.7596 -29.9231 -36.9689 -34.4751
-29.7596 -29.9231 -36.9689 -34.4751
-29.7596 -29.9231 -36.9689 -34.4751
-29.7596 -29.9231 -36.9689 -34.4751
-29.7596 -29.9231 -36.9689 -34.4751
-29.7596 -29.9231 -36.9689 -34.4751
-29.7596 -29.9231 -36.9689 -34.4751
-29.7596 -29.9231 -36.9689 -34.4751
-30.1647 -30.0268 -36.062 -34.4602
-30.1647 -30.0268 -36.062 -34.4602
-30.1647 -30.0268 -36.062 -34.4602
-30.1647 -30.0268 -36.062 -34.4602
-30.1647 -30.0268 -36.062 -34.4602
-30.1647 -30.0268 -36.062 -34.4602
-30.1647 -30.0268 -36.062 -34.4602
-30.1647 -30.0268 -36.062 -34.4602
-30.1647 -30.0268 -36.062 -34.4602
-30.1647 -30.0268 -36.062 -34.4602
-30.1647 -30.0268 -36.062 -34.4602
-30.1647 -30.0268 -36.062 -34.4602
-30.1647 -30.0268 -36.062 -34.4602
-30.1647 -30.0268 -36.062 -34.4602
-30.1647 -30.0268 -36.062 -34.4602
-30.1647 -30.0268 -36.062 -34.4602
-30.1647 -30.0268 -36.062 -34.4602
-30.1647 -30.0268 -36.062 -34.4602
-30.1647 -30.0268 -36.062 -34.4602
-30.1647 -30.0268 -36.062 -34.4602
-32.0096 -29.5573 -35.8678 -34.7225
-32.0096 -29.5573 -35.8678 -34.7225
-32.0096 -29.5573 -35.8678 -34.7225
-32.0096 -29.5573 -35.8678 -34.7225
-32.0096 -29.5573 -35.8678 -34.7225
-32.0096 -29.5573 -35.8678 -34.7225
-32.0096 -29.5573 -35.8678 -34.7225
-32.0096 -29.5573 -35.8678 -34.7225
-32.0096 -29.5573 -35.8678 -34.7225
-32.0096 -29.5573 -35.8678 -34.7225
-32.0096 -29.5573 -35.8678 -34.7225
-32.0096 -29.5573 -35.8678 -34.7225
-32.0096 -29.5573 -35.8678 -34.7225
-32.0096 -29.5573 -35.8678 -34.7225
-32.0096 -29.5573 -35.8678 -34.7225
-32.0096 -29.5573 -35.8678 -34.7225
-32.0096 -29.5573 -35.8678 -34.7225
-32.0096 -29.5573 -35.8678 -34.7225
-32.0096 -29.5573 -35.8678 -34.7225
-32.0096 -29.5573 -35.8678 -34.7225
-30.0549 -29.6264 -33.8015 -34.5934
-30.0549 -29.6264 -33.8015 -34.5934
-30.0549 -29.6264 -33.8015 -34.5934
-30.0549 -29.6264 -33.8015 -34.5934
-30.0549 -29.6264 -33.8015 -34.5934
-30.0549 -29.6264 -33.8015 -34.5934
-30.0549 -29.6264 -33.8015 -34.5934
-30.0549 -29.6264 -33.8015 -34.5934
-30.0549 -29.6264 -33.8015 -34.5934
-30.0549 -29.6264 -33.8015 -34.5934
-30.0549 -29.6264 -33.8015 -34.5934
-30.0549 -29.6264 -33.8015 -34.5934
-30.0549 -29.6264 -33.8015 -34.5934
-30.0549 -29.6264 -33.8015 -34.5934
-30.0549 -29.6264 -33.8015 -34.5934
-30.0549 -29.6264 -33.8015 -34.5934
-30.0549 -29.6264 -33.8015 -34.5934
-30.0549 -29.6264 -33.8015 -34.5934
-30.0549 -29.6264 -33.8015 -34.5934
-30.0549 -29.6264 -33.8015 -34.5934
-31.2923 -30.1541 -35.2227 -34.7035
-31.2923 -30.1541 -35.2227 -34.7035
-31.2923 -30.1541 -35.2227 -34.7035
-31.2923 -30.1541 -35.2227 -34.7035
-31.2923 -30.1541 -35.2227 -34.7035
-31.2923 -30.1541 -35.2227 -34.7035
-31.2923 -30.1541 -35.2227 -34.7035
-31.2923 -30.1541 -35.2227 -34.7035
-31.2923 -30.1541 -35.2227 -34.7035
-31.2923 -30.1541 -35.2227 -34.7035
-31.2923 -30.1541 -35.2227 -34.7035
-31.2923 -30.1541 -35.2227 -34.7035
-31.2923 -30.1541 -35.2227 -34.7035
-31.2923 -30.1541 -35.2227 -34.7035
-31.2923 -30.1541 -35.2227 -34.7035
-31.2923 -30.1541 -35.2227 -34.7035
-31.2923 -30.1541 -35.2227 -34.7035
-31.2923 -30.1541 -35.2227 -34.7035
-31.2923 -30.1541 -35.2227 -34.7035
-31.2923 -30.1541 -35.2227 -34.7035
-30.8785 -29.9105 -35.2718 -35.2648
-30.8785 -29.9105 -35.2718 -35.2648
-30.8785 -29.9105 -35.2718 -35.2648
-30.8785 -29.9105 -35.2718 -35.2648
-30.8785 -29.9105 -35.2718 -35.2648
-30.8785 -29.9105 -35.2718 -35.2648
-30.8785 -29.9105 -35.2718 -35.2648
-30.8785 -29.9105 -35.2718 -35.2648
-30.8785 -29.9105 -35.2718 -35.2648
-30.8785 -29.9105 -35.2718 -35.2648
-30.8785 -29.9105 -35.2718 -35.2648
-30.8785 -29.9105 -35.2718 -35.2648
-30.8785 -29.9105 -35.2718 -35.2648
-30.8785 -29.9105 -35.2718 -35.2648
-30.8785 -29.9105 -35.2718 -35.2648
-30.8785 -29.9105 -35.2718 -35.2648
-30.8785 -29.9105 -35.2718 -35.2648
-30.8785 -29.9105 -35.2718 -35.2648
-30.8785 -29.9105 -35.2718 -35.2648
-30.8785 -29.9105 -35.2718 -35.2648
-30.4148 -30.1835 -34.5687 -34.9218
-30.4148 -30.1835 -34.5687 -34.9218
-30.4148 -30.1835 -34.5687 -34.9218
-30.4148 -30.1835 -34.5687 -34.9218
-30.4148 -30.1835 -34.5687 -34.9218
-30.4148 -30.1835 -34.5687 -34.9218
-30.4148 -30.1835 -34.5687 -34.9218
-30.4148 -30.1835 -34.5687 -34.9218
-30.4148 -30.1835 -34.5687 -34.9218
-30.4148 -30.1835 -34.5687 -34.9218
-30.4148 -30.1835 -34.5687 -34.9218
-30.4148 -30.1835 -34.5687 -34.9218
-30.4148 -30.1835 -34.5687 -34.9218
-30.4148 -30.1835 -34.5687 -34.9218
-30.4148 -30.1835 -34.5687 -34.9218
-30.4148 -30.1835 -34.5687 -34.9218
-30.4148 -30.1835 -34.5687 -34.9218
-30.4148 -30.1835 -34.5687 -34.9218
-30.4148 -30.1835 -34.5687 -34.9218
-30.4148 -30.1835 -34.5687 -34.9218
-30.4148 -30.1835 -34.5687 -34.9218
-30.6599 -30.5345 -36.3981 -34.7574
-30.6599 -30.5345 -36.3981 -34.7574
-30.6599 -30.5345 -36.3981 -34.7574
-30.6599 -30.5345 -36.3981 -34.7574
-30.6599 -30.5345 -36.3981 -34.7574
-30.6599 -30.5345 -36.3981 -34.7574
-30.6599 -30.5345 -36.3981 -34.7574
-30.6599 -30.5345 -36.3981 -34.7574
-30.6599 -30.5345 -36.3981 -34.7574
-30.6599 -30.5345 -36.3981 -34.7574
-30.6599 -30.5345 -36.3981 -34.7574
-30.6599 -30.5345 -36.3981 -34.7574
-30.6599 -30.5345 -36.3981 -34.7574
-30.6599 -30.5345 -36.3981 -34.7574
-30.6599 -30.5345 -36.3981 -34.7574
-30.6599 -30.5345 -36.3981 -34.7574
-30.6599 -30.5345 -36.3981 -34.7574
-30.6599 -30.5345 -36.3981 -34.7574
-30.6599 -30.5345 -36.3981 -34.7574
-30.5318 -31.1236 -35.6899 -34.5495
-30.5318 -31.1236 -35.6899 -34.5495
-30.5318 -31.1236 -35.6899 -34.5495
-30.5318 -31.1236 -35.6899 -34.5495
-30.5318 -31.1236 -35.6899 -34.5495
-30.5318 -31.1236 -35.6899 -34.5495
-30.5318 -31.1236 -35.6899 -34.5495
-30.5318 -31.1236 -35.6899 -34.5495
-30.5318 -31.1236 -35.6899 -34.5495
-30.5318 -31.1236 -35.6899 -34.5495
-30.5318 -31.1236 -35.6899 -34.5495
-30.5318 -31.1236 -35.6899 -34.5495
-30.5318 -31.1236 -35.6899 -34.5495
-30.5318 -31.1236 -35.6899 -34.5495
-30.5318 -31.1236 -35.6899 -34.5495
-30.5318 -31.1236 -35.6899 -34.5495
-30.5318 -31.1236 -35.6899 -34.5495
-30.5318 -31.1236 -35.6899 -34.5495
-30.5318 -31.1236 -35.6899 -34.5495
-30.5318 -31.1236 -35.6899 -34.5495
-30.3066 -30.2977 -35.6538 -35.3425
-30.3066 -30.2977 -35.6538 -35.3425
-30.3066 -30.2977 -35.6538 -35.3425
-30.3066 -30.2977 -35.6538 -35.3425
-30.3066 -30.2977 -35.6538 -35.3425
-30.3066 -30.2977 -35.6538 -35.3425
-30.3066 -30.2977 -35.6538 -35.3425
-30.3066 -30.2977 -35.6538 -35.3425
-30.3066 -30.2977 -35.6538 -35.3425
-30.3066 -30.2977 -35.6538 -35.3425
-30.3066 -30.2977 -35.6538 -35.3425
-30.3066 -30.2977 -35.6538 -35.3425
-30.3066 -30.2977 -35.6538 -35.3425
-30.3066 -30.2977 -35.6538 -35.3425
-30.3066 -30.2977 -35.6538 -35.3425
-30.3066 -30.2977 -35.6538 -35.3425
-30.3066 -30.2977 -35.6538 -35.3425
-30.3066 -30.2977 -35.6538 -35.3425
-30.3066 -30.2977 -35.6538 -35.3425
-30.3066 -30.2977 -35.6538 -35.3425
-29.3649 -29.1163 -35.7525 -34.6588
-29.3649 -29.1163 -35.7525 -34.6588
-29.3649 -29.1163 -35.7525 -34.6588
-29.3649 -29.1163 -35.7525 -34.6588
-29.3649 -29.1163 -35.7525 -34.6588
-29.3649 -29.1163 -35.7525 -34.6588
-29.3649 -29.1163 -35.7525 -34.6588
-29.3649 -29.1163 -35.7525 -34.6588
-29.3649 -29.1163 -35.7525 -34.6588
-29.3649 -29.1163 -35.7525 -34.6588
-29.3649 -29.1163 -35.7525 -34.6588
-29.3649 -29.1163 -35.7525 -34.6588
-29.3649 -29.1163 -35.7525 -34.6588
-29.3649 -29.1163 -35.7525 -34.6588
-29.3649 -29.1163 -35.7525 -34.6588
-29.3649 -29.1163 -35.7525 -34.6588
-29.3649 -29.1163 -35.7525 -34.6588
-29.3649 -29.1163 -35.7525 -34.6588
-29.3649 -29.1163 -35.7525 -34.6588
-29.3649 -29.1163 -35.7525 -34.6588
-31.0903 -29.7122 -35.6784 -34.9745
-31.0903 -29.7122 -35.6784 -34.9745
-31.0903 -29.7122 -35.6784 -34.9745
-31.0903 -29.7122 -35.6784 -34.9745
-31.0903 -29.7122 -35.6784 -34.9745
-31.0903 -29.7122 -35.6784 -34.9745
-31.0903 -29.7122 -35.6784 -34.9745
-31.0903 -29.7122 -35.6784 -34.9745
-31.0903 -29.7122 -35.6784 -34.9745
-31.0903 -29.7122 -35.6784 -34.9745
-31.0903 -29.7122 -35.6784 -34.9745
-31.0903 -29.7122 -35.6784 -34.9745
-31.0903 -29.7122 -35.6784 -34.9745
-31.0903 -29.7122 -35.6784 -34.9745
-31.0903 -29.7122 -35.6784 -34.9745
-31.0903 -29.7122 -35.6784 -34.9745
-31.0903 -29.7122 -35.6784 -34.9745
-31.0903 -29.7122 -35.6784 -34.9745
-31.0903 -29.7122 -35.6784 -34.9745
-31.0903 -29.7122 -35.6784 -34.9745
-30.8352 -28.8176 -35.1474 -35.351
-30.8352 -28.8176 -35.1474 -35.351
-30.8352 -28.8176 -35.1474 -35.351
-30.8352 -28.8176 -35.1474 -35.351
-30.8352 -28.8176 -35.1474 -35.351
-30.8352 -28.8176 -35.1474 -35.351
-30.8352 -28.8176 -35.1474 -35.351
-30.8352 -28.8176 -35.1474 -35.351
-30.8352 -28.8176 -35.1474 -35.351
-30.8352 -28.8176 -35.1474 -35.351
-30.8352 -28.8176 -35.1474 -35.351
-30.8352 -28.8176 -35.1474 -35.351
-30.8352 -28.8176 -35.1474 -35.351
-30.8352 -28.8176 -35.1474 -35.351
-30.8352 -28.8176 -35.1474 -35.351
-30.8352 -28.8176 -35.1474 -35.351
-30.8352 -28.8176 -35.1474 -35.351
-30.8352 -28.8176 -35.1474 -35.351
-30.8352 -28.8176 -35.1474 -35.351
-30.8352 -28.8176 -35.1474 -35.351
-31.3214 -29.7168 -36.9595 -35.0037
-31.3214 -29.7168 -36.9595 -35.0037
-31.3214 -29.7168 -36.9595 -35.0037
-31.3214 -29.7168 -36.9595 -35.0037
-31.3214 -29.7168 -36.9595 -35.0037
-31.3214 -29.7168 -36.9595 -35.0037
-31.3214 -29.7168 -36.9595 -35.0037
-31.3214 -29.7168 -36.9595 -35.0037
-31.3214 -29.7168 -36.9595 -35.0037
-31.3214 -29.7168 -36.9595 -35.0037
-31.3214 -29.7168 -36.9595 -35.0037
-31.3214 -29.7168 -36.9595 -35.0037
-31.3214 -29.7168 -36.9595 -35.0037
-31.3214 -29.7168 -36.9595 -35.0037
-31.3214 -29.7168 -36.9595 -35.0037
-31.3214 -29.7168 -36.9595 -35.0037
-31.3214 -29.7168 -36.9595 -35.0037
-31.3214 -29.7168 -36.9595 -35.0037
-31.3214 -29.7168 -36.9595 -35.0037
-31.3214 -29.7168 -36.9595 -35.0037
-30.6782 -29.6607 -35.014 -34.8295
-30.6782 -29.6607 -35.014 -34.8295
-30.6782 -29.6607 -35.014 -34.8295
-30.6782 -29.6607 -35.014 -34.8295
-30.6782 -29.6607 -35.014 -34.8295
-30.6782 -29.6607 -35.014 -34.8295
-30.6782 -29.6607 -35.014 -34.8295
-30.6782 -29.6607 -35.014 -34.8295
-30.6782 -29.6607 -35.014 -34.8295
-30.6782 -29.6607 -35.014 -34.8295
-30.6782 -29.6607 -35.014 -34.8295
-30.6782 -29.6607 -35.014 -34.8295
-30.6782 -29.6607 -35.014 -34.8295
-30.6782 -29.6607 -35.014 -34.8295
-30.6782 -29.6607 -35.014 -34.8295
-30.6782 -29.6607 -35.014 -34.8295
-30.6782 -29.6607 -35.014 -34.8295
-30.6782 -29.6607 -35.014 -34.8295
-30.6782 -29.6607 -35.014 -34.8295
-30.6782 -29.6607 -35.014 -34.8295
-30.8031 -30.2182 -36.8188 -34.8296
-30.8031 -30.2182 -36.8188 -34.8296
-30.8031 -30.2182 -36.8188 -34.8296
-30.8031 -30.2182 -36.8188 -34.8296
-30.8031 -30.2182 -36.8188 -34.8296
-30.8031 -30.2182 -36.8188 -34.8296
-30.8031 -30.2182 -36.8188 -34.8296
-30.8031 -30.2182 -36.8188 -34.8296
-30.8031 -30.2182 -36.8188 -34.8296
-30.8031 -30.2182 -36.8188 -34.8296
-30.8031 -30.2182 -36.8188 -34.8296
-30.8031 -30.2182 -36.8188 -34.8296
-30.8031 -30.2182 -36.8188 -34.8296
-30.8031 -30.2182 -36.8188 -34.8296
-30.8031 -30.2182 -36.8188 -34.8296
-30.8031 -30.2182 -36.8188 -34.8296
-30.8031 -30.2182 -36.8188 -34.8296
-30.8031 -30.2182 -36.8188 -34.8296
-30.8031 -30.2182 -36.8188 -34.8296
-30.8031 -30.2182 -36.8188 -34.8296
-30.4824 -29.6607 -35.9586 -35.4958
-30.4824 -29.6607 -35.9586 -35.4958
-30.4824 -29.6607 -35.9586 -35.4958
-30.4824 -29.6607 -35.9586 -35.4958
-30.4824 -29.6607 -35.9586 -35.4958
-30.4824 -29.6607 -35.9586 -35.4958
-30.4824 -29.6607 -35.9586 -35.4958
-30.4824 -29.6607 -35.9586 -35.4958
-30.4824 -29.6607 -35.9586 -35.4958
-30.4824 -29.6607 -35.9586 -35.4958
-30.4824 -29.6607 -35.9586 -35.4958
-30.4824 -29.6607 -35.9586 -35.4958
-30.4824 -29.6607 -35.9586 -35.4958
-30.4824 -29.6607 -35.9586 -35.4958
-30.4824 -29.6607 -35.9586 -35.4958
-30.4824 -29.6607 -35.9586 -35.4958
-30.4824 -29.6607 -35.9586 -35.4958
-30.4824 -29.6607 -35.9586 -35.4958
-30.4824 -29.6607 -35.9586 -35.4958
-30.4824 -29.6607 -35.9586 -35.4958
-30.7878 -29.5277 -35.3647 -35.0682
-30.7878 -29.5277 -35.3647 -35.0682
-30.7878 -29.5277 -35.3647 -35.0682
-30.7878 -29.5277 -35.3647 -35.0682
-30.7878 -29.5277 -35.3647 -35.0682
-30.7878 -29.5277 -35.3647 -35.0682
-30.7878 -29.5277 -35.3647 -35.0682
-30.7878 -29.5277 -35.3647 -35.0682
-30.7878 -29.5277 -35.3647 -35.0682
-30.7878 -29.5277 -35.3647 -35.0682
-30.7878 -29.5277 -35.3647 -35.0682
-30.7878 -29.5277 -35.3647 -35.0682
-30.7878 -29.5277 -35.3647 -35.0682
-30.7878 -29.5277 -35.3647 -35.0682
-30.7878 -29.5277 -35.3647 -35.0682
-30.7878 -29.5277 -35.3647 -35.0682
-30.7878 -29.5277 -35.3647 -35.0682
-30.7878 -29.5277 -35.3647 -35.0682
-30.7878 -29.5277 -35.3647 -35.0682
-30.7878 -29.5277 -35.3647 -35.0682
-29.9558 -29.8899 -35.2588 -35.551
-29.9558 -29.8899 -35.2588 -35.551
-29.9558 -29.8899 -35.2588 -35.551
-29.9558 -29.8899 -35.2588 -35.551
-29.9558 -29.8899 -35.2588 -35.551
-29.9558 -29.8899 -35.2588 -35.551
-29.9558 -29.8899 -35.2588 -35.551
-29.9558 -29.8899 -35.2588 -35.551
-29.9558 -29.8899 -35.2588 -35.551
-29.9558 -29.8899 -35.2588 -35.551
-29.9558 -29.8899 -35.2588 -35.551
-29.9558 -29.8899 -35.2588 -35.551
-29.9558 -29.8899 -35.2588 -35.551
-29.9558 -29.8899 -35.2588 -35.551
-29.9558 -29.8899 -35.2588 -35.551
-29.9558 -29.8899 -35.2588 -35.551
-29.9558 -29.8899 -35.2588 -35.551
-29.9558 -29.8899 -35.2588 -35.551
-29.9558 -29.8899 -35.2588 -35.551
-29.9558 -29.8899 -35.2588 -35.551
-30.9839 -29.8551 -35.2107 -35.4944
-30.9839 -29.8551 -35.2107 -35.4944
-30.9839 -29.8551 -35.2107 -35.4944
-30.9839 -29.8551 -35.2107 -35.4944
-30.9839 -29.8551 -35.2107 -35.4944
-30.9839 -29.8551 -35.2107 -35.4944
-30.9839 -29.8551 -35.2107 -35.4944
-30.9839 -29.8551 -35.2107 -35.4944
-30.9839 -29.8551 -35.2107 -35.4944
-30.9839 -29.8551 -35.2107 -35.4944
-30.9839 -29.8551 -35.2107 -35.4944
-30.9839 -29.8551 -35.2107 -35.4944
-30.9839 -29.8551 -35.2107 -35.4944
-30.9839 -29.8551 -35.2107 -35.4944
-30.9839 -29.8551 -35.2107 -35.4944
-30.9839 -29.8551 -35.2107 -35.4944
-30.9839 -29.8551 -35.2107 -35.4944
-30.9839 -29.8551 -35.2107 -35.4944
-30.9839 -29.8551 -35.2107 -35.4944
-30.9839 -29.8551 -35.2107 -35.4944
-30.4251 -29.659 -36.3758 -34.5265
-30.4251 -29.659 -36.3758 -34.5265
-30.4251 -29.659 -36.3758 -34.5265
-30.4251 -29.659 -36.3758 -34.5265
-30.4251 -29.659 -36.3758 -34.5265
-30.4251 -29.659 -36.3758 -34.5265
-30.4251 -29.659 -36.3758 -34.5265
-30.4251 -29.659 -36.3758 -34.5265
-30.4251 -29.659 -36.3758 -34.5265
-30.4251 -29.659 -36.3758 -34.5265
-30.4251 -29.659 -36.3758 -34.5265
-30.4251 -29.659 -36.3758 -34.5265
-30.4251 -29.659 -36.3758 -34.5265
-30.4251 -29.659 -36.3758 -34.5265
-30.4251 -29.659 -36.3758 -34.5265
-30.4251 -29.659 -36.3758 -34.5265
-30.4251 -29.659 -36.3758 -34.5265
-30.4251 -29.659 -36.3758 -34.5265
-30.4251 -29.659 -36.3758 -34.5265
-30.4251 -29.659 -36.3758 -34.5265
-30.7979 -30.3448 -35.9249 -34.9033
-30.7979 -30.3448 -35.9249 -34.9033
-30.7979 -30.3448 -35.9249 -34.9033
-30.7979 -30.3448 -35.9249 -34.9033
-30.7979 -30.3448 -35.9249 -34.9033
-30.7979 -30.3448 -35.9249 -34.9033
-30.7979 -30.3448 -35.9249 -34.9033
-30.7979 -30.3448 -35.9249 -34.9033
-30.7979 -30.3448 -35.9249 -34.9033
-30.7979 -30.3448 -35.9249 -34.9033
-30.7979 -30.3448 -35.9249 -34.9033
-30.7979 -30.3448 -35.9249 -34.9033
-30.7979 -30.3448 -35.9249 -34.9033
-30.7979 -30.3448 -35.9249 -34.9033
-30.7979 -30.3448 -35.9249 -34.9033
-30.7979 -30.3448 -35.9249 -34.9033
-30.7979 -30.3448 -35.9249 -34.9033
-30.7979 -30.3448 -35.9249 -34.9033
-30.7979 -30.3448 -35.9249 -34.9033
-30.7979 -30.3448 -35.9249 -34.9033
-31.9358 -29.86 -35.317 -35.1186
-31.9358 -29.86 -35.317 -35.1186
-31.9358 -29.86 -35.317 -35.1186
-31.9358 -29.86 -35.317 -35.1186
-31.9358 -29.86 -35.317 -35.1186
-31.9358 -29.86 -35.317 -35.1186
-31.9358 -29.86 -35.317 -35.1186
-31.9358 -29.86 -35.317 -35.1186
-31.9358 -29.86 -35.317 -35.1186
-31.9358 -29.86 -35.317 -35.1186
-31.9358 -29.86 -35.317 -35.1186
-31.9358 -29.86 -35.317 -35.1186
-31.9358 -29.86 -35.317 -35.1186
-31.9358 -29.86 -35.317 -35.1186
-31.9358 -29.86 -35.317 -35.1186
-31.9358 -29.86 -35.317 -35.1186
-31.9358 -29.86 -35.317 -35.1186
-31.9358 -29.86 -35.317 -35.1186
-31.9358 -29.86 -35.317 -35.1186
-31.9358 -29.86 -35.317 -35.1186
-31.5508 -29.9039 -36.3731 -34.7539
-31.5508 -29.9039 -36.3731 -34.7539
-31.5508 -29.9039 -36.3731 -34.7539
-31.5508 -29.9039 -36.3731 -34.7539
-31.5508 -29.9039 -36.3731 -34.7539
-31.5508 -29.9039 -36.3731 -34.7539
-31.5508 -29.9039 -36.3731 -34.7539
-31.5508 -29.9039 -36.3731 -34.7539
-31.5508 -29.9039 -36.3731 -34.7539
-31.5508 -29.9039 -36.3731 -34.7539
-31.5508 -29.9039 -36.3731 -34.7539
-31.5508 -29.9039 -36.3731 -34.7539
-31.5508 -29.9039 -36.3731 -34.7539
-31.5508 -29.9039 -36.3731 -34.7539
-31.5508 -29.9039 -36.3731 -34.7539
-31.5508 -29.9039 -36.3731 -34.7539
-31.5508 -29.9039 -36.3731 -34.7539
-31.5508 -29.9039 -36.3731 -34.7539
-31.5508 -29.9039 -36.3731 -34.7539
-31.5508 -29.9039 -36.3731 -34.7539
-30.8149 -29.8592 -35.6535 -34.6684
-30.8149 -29.8592 -35.6535 -34.6684
-30.8149 -29.8592 -35.6535 -34.6684
-30.8149 -29.8592 -35.6535 -34.6684
-30.8149 -29.8592 -35.6535 -34.6684
-30.8149 -29.8592 -35.6535 -34.6684
-30.8149 -29.8592 -35.6535 -34.6684
-30.8149 -29.8592 -35.6535 -34.6684
-30.8149 -29.8592 -35.6535 -34.6684
-30.8149 -29.8592 -35.6535 -34.6684
-30.8149 -29.8592 -35.6535 -34.6684
-30.8149 -29.8592 -35.6535 -34.6684
-30.8149 -29.8592 -35.6535 -34.6684
-30.8149 -29.8592 -35.6535 -34.6684
-30.8149 -29.8592 -35.6535 -34.6684
-30.8149 -29.8592 -35.6535 -34.6684
-30.8149 -29.8592 -35.6535 -34.6684
-30.8149 -29.8592 -35.6535 -34.6684
-30.8149 -29.8592 -35.6535 -34.6684
-30.8149 -29.8592 -35.6535 -34.6684
-30.3088 -29.9222 -35.2843 -35.0136
-30.3088 -29.9222 -35.2843 -35.0136
-30.3088 -29.9222 -35.2843 -35.0136
-30.3088 -29.9222 -35.2843 -35.0136
-30.3088 -29.9222 -35.2843 -35.0136
-30.3088 -29.9222 -35.2843 -35.0136
-30.3088 -29.9222 -35.2843 -35.0136
-30.3088 -29.9222 -35.2843 -35.0136
-30.3088 -29.9222 -35.2843 -35.0136
-30.3088 -29.9222 -35.2843 -35.0136
-30.3088 -29.9222 -35.2843 -35.0136
-30.3088 -29.9222 -35.2843 -35.0136
-30.3088 -29.9222 -35.2843 -35.0136
-30.3088 -29.9222 -35.2843 -35.0136
-30.3088 -29.9222 -35.2843 -35.0136
-30.3088 -29.9222 -35.2843 -35.0136
-30.3088 -29.9222 -35.2843 -35.0136
-30.3088 -29.9222 -35.2843 -35.0136
-30.3088 -29.9222 -35.2843 -35.0136
-30.3088 -29.9222 -35.2843 -35.0136
-30.3088 -29.9222 -35.2843 -35.0136
-30.7354 -29.3059 -35.2594 -34.6996
-30.7354 -29.3059 -35.2594 -34.6996
-30.7354 -29.3059 -35.2594 -34.6996
-30.7354 -29.3059 -35.2594 -34.6996
-30.7354 -29.3059 -35.2594 -34.6996
-30.7354 -29.3059 -35.2594 -34.6996
-30.7354 -29.3059 -35.2594 -34.6996
-30.7354 -29.3059 -35.2594 -34.6996
-30.7354 -29.3059 -35.2594 -34.6996
-30.7354 -29.3059 -35.2594 -34.6996
-30.7354 -29.3059 -35.2594 -34.6996
-30.7354 -29.3059 -35.2594 -34.6996
-30.7354 -29.3059 -35.2594 -34.6996
-30.7354 -29.3059 -35.2594 -34.6996
-30.7354 -29.3059 -35.2594 -34.6996
-30.7354 -29.3059 -35.2594 -34.6996
-30.7354 -29.3059 -35.2594 -34.6996
-30.7354 -29.3059 -35.2594 -34.6996
-30.7354 -29.3059 -35.2594 -34.6996
-29.9813 -30.1684 -35.1895 -35.4712
-29.9813 -30.1684 -35.1895 -35.4712
-29.9813 -30.1684 -35.1895 -35.4712
-29.9813 -30.1684 -35.1895 -35.4712
-29.9813 -30.1684 -35.1895 -35.4712
-29.9813 -30.1684 -35.1895 -35.4712
-29.9813 -30.1684 -35.1895 -35.4712
-29.9813 -30.1684 -35.1895 -35.4712
-29.9813 -30.1684 -35.1895 -35.4712
-29.9813 -30.1684 -35.1895 -35.4712
